0 0.87492 0.8757069265991546 0.9463386239999998
1 0.8455999999999999 0.8458595591152402 0.924660416
2 0.8387600000000001 0.8388540646447524 0.9179704320000001
3 0.8350799999999999 0.834939422955814 0.914385952
4 0.8325199999999999 0.8329660838650612 0.9109181120000001
5 0.8755200000000001 0.8763263180238996 0.9461194879999999
6 0.8446000000000001 0.8441078152634617 0.9240508479999999
7 0.83432 0.8338642422221986 0.914538912
8 0.83124 0.8311651703714841 0.911729536
9 0.8274799999999999 0.8271595714491932 0.909510816
10 0.8803599999999999 0.8812904124189691 0.950956512
11 0.85716 0.8575581799133747 0.9322517759999999
12 0.85128 0.8518279355068505 0.9292378560000001
13 0.8504400000000001 0.850892826003211 0.9279546240000001
14 0.84832 0.8485411247340574 0.9256994559999999
15 0.88344 0.8843043197821707 0.9520023040000002
16 0.85936 0.8595694449491532 0.934010496
17 0.85192 0.8520433321966641 0.9306317759999999
18 0.85336 0.8537018758760867 0.9294119359999999
19 0.8513200000000001 0.8516264730762376 0.928703872
20 0.88544 0.8863420167754544 0.954598176
21 0.86372 0.8641786876714705 0.9380093120000002
22 0.8596 0.8600411335486319 0.9358912640000001
23 0.859 0.8598940247181884 0.9344010880000001
24 0.8555999999999999 0.8556515038599798 0.9341141759999999
25 0.8890399999999999 0.8900764557933731 0.9567367359999999
26 0.8675200000000001 0.8681022011663252 0.941123328
27 0.8642799999999999 0.8648975642978491 0.94010544
28 0.8629999999999999 0.8636414984711273 0.9388822720000001
29 0.86256 0.8629510152988964 0.9384751679999999
30 0.8892399999999998 0.8899504448796296 0.956094848
31 0.8722 0.8730457529944363 0.94476032
32 0.8714000000000001 0.8722759205032566 0.9436261760000001
33 0.8666799999999999 0.8674864905311981 0.942020128
34 0.86556 0.86636243850366 0.940972672
35 0.8937199999999998 0.8947936545777718 0.959817344
36 0.8798 0.8804374608940332 0.9503841919999999
37 0.88056 0.8810212262125617 0.949007488
38 0.87956 0.880106347275307 0.9482620799999999
39 0.87768 0.8784085602303711 0.948820768
40 0.89276 0.8936284973271981 0.957609984
41 0.8731199999999999 0.8740644268283017 0.94593808
42 0.8726799999999999 0.8733777690057606 0.9452751039999999
43 0.8699199999999999 0.8707280968062499 0.9434237120000001
44 0.8720800000000001 0.8732568375241077 0.9446948159999999
45 0.8977599999999999 0.8985816554308164 0.9611459199999999
46 0.88696 0.8874380208570513 0.956147968
47 0.8865999999999999 0.8875337284932611 0.954565856
48 0.8850000000000001 0.8856232329461031 0.953179456
49 0.8852799999999998 0.8860105924872499 0.9534451839999999
50 0.8532399999999999 0.8539951402452445 0.929992352
51 0.8553200000000001 0.8559464836285764 0.9303617279999999
52 0.8546799999999999 0.8554394395481033 0.9303349439999999
53 0.8543200000000001 0.8550838145238243 0.9301893760000002
54 0.85404 0.8546682923571032 0.9300982080000001
55 0.8580399999999999 0.8599092035559008 0.9339647679999998
56 0.8575999999999999 0.8596326225628411 0.933852544
57 0.8591999999999999 0.8611256653411603 0.9342138240000001
58 0.8585999999999998 0.8604740609784404 0.9339723839999999
59 0.8577999999999999 0.8599217554879539 0.934154496
60 0.86128 0.8606449510901897 0.9353798079999999
61 0.8618400000000002 0.8611556846120809 0.9358884160000001
62 0.86204 0.8615289630855807 0.935686656
63 0.8630800000000001 0.8626572038067863 0.9357077120000001
64 0.8609600000000001 0.8606578227704416 0.935398464
65 0.8672000000000001 0.8688841381772774 0.94028128
66 0.86772 0.8693073216838048 0.9405448639999999
67 0.86704 0.8685021436156288 0.9404757759999999
68 0.8684800000000001 0.8701035546788998 0.940505632
69 0.86684 0.8684773954611777 0.9401352639999999
70 0.8653600000000001 0.8644846519439927 0.9385841599999999
71 0.8649999999999999 0.8642664695535274 0.938091616
72 0.8651199999999999 0.864189926921358 0.9381957759999999
73 0.86556 0.8646566851334668 0.9388079360000001
74 0.8654 0.8646383364411745 0.937845536
75 0.87216 0.8731937460929695 0.943426752
76 0.8722399999999999 0.8733754486437741 0.94360496
77 0.87224 0.8732916037538547 0.943621216
78 0.8720400000000001 0.8731590683722491 0.943688096
79 0.87164 0.8727711479622613 0.943738432
80 0.86664 0.865243696432716 0.9403619200000002
81 0.86808 0.8668995134528714 0.9407464320000001
82 0.8664 0.8649972605972012 0.9399982720000001
83 0.86952 0.8682219912076468 0.940686784
84 0.86784 0.8665103857240423 0.94057776
85 0.87988 0.8806390403375474 0.948828224
86 0.87948 0.8800741126128596 0.9485162239999999
87 0.8806 0.8813097846381728 0.948694304
88 0.8796800000000001 0.8803861722184221 0.948400576
89 0.8786399999999999 0.8794604721784547 0.9484225280000003
90 0.86844 0.8670536490297804 0.9408607360000001
91 0.86812 0.8670124801043538 0.940811168
92 0.86708 0.8658209835170141 0.940696416
93 0.86736 0.8662042090286324 0.9405819519999999
94 0.8671599999999999 0.8657722643535584 0.94119824
95 0.8810399999999999 0.8814733105527793 0.9505928640000001
96 0.8828399999999998 0.8832358281046252 0.950801472
97 0.8818000000000001 0.8821056142254321 0.9504488
98 0.8812 0.8816895945722696 0.9507109440000001
99 0.8826799999999999 0.8828520705626213 0.9508307520000001
100 0.88296 0.8844522367063321 0.952736672
101 0.8766400000000001 0.8771831793131615 0.9476078079999999
102 0.86968 0.8702462583485682 0.9428341760000001
103 0.86704 0.8676198874067577 0.939358848
104 0.86256 0.8630196288627356 0.936852704
105 0.88368 0.885068495664504 0.9532535039999999
106 0.8768 0.8773465978473272 0.9474936960000001
107 0.8723199999999999 0.8730309809723156 0.943445728
108 0.8640800000000001 0.8648069534486369 0.9383113920000001
109 0.86128 0.8622070820563016 0.936571328
110 0.88784 0.8892893300438119 0.955617728
111 0.8846400000000001 0.8852951480024156 0.9535746880000001
112 0.8814 0.8820460565607089 0.950392224
113 0.87844 0.8790460658493613 0.9480595520000001
114 0.8755200000000001 0.8761032320665736 0.9463131199999999
115 0.89028 0.8919299784922042 0.956475584
116 0.8869199999999999 0.8878569785275074 0.954512
117 0.88172 0.8822208775577092 0.950801184
118 0.877 0.8776885534095872 0.9487511359999999
119 0.8761199999999999 0.8765435529238708 0.9471297599999999
120 0.88796 0.8894858645695175 0.9562360319999998
121 0.8894400000000001 0.8904578897861279 0.9561623679999999
122 0.8859199999999999 0.8868647904551457 0.953344864
123 0.8819600000000001 0.8827384565318013 0.9519306240000001
124 0.8799199999999999 0.8805369894843309 0.950132352
125 0.89184 0.8933768475138726 0.957670752
126 0.8909600000000001 0.8918520533345691 0.958125664
127 0.8880399999999999 0.8888730027615658 0.9554536
128 0.8863200000000001 0.8870376907357105 0.9542433919999999
129 0.8855999999999999 0.8863090202560887 0.9529788160000001
130 0.88864 0.8902491449463514 0.956553184
131 0.89024 0.8913269689887761 0.958142784
132 0.8904 0.8912543525369564 0.956773696
133 0.8883599999999999 0.8891376215196092 0.955849856
134 0.8865999999999999 0.8875431207011942 0.9545960320000001
135 0.8919599999999999 0.8934903791658423 0.958601472
136 0.89672 0.8975559923513601 0.9613888639999999
137 0.89724 0.8979555573915299 0.96059904
138 0.8942 0.8949254618171414 0.9596346240000001
139 0.892 0.8926971581998331 0.9588121920000001
140 0.8897999999999999 0.8914339904852587 0.9565657279999998
141 0.8934 0.8943911715630156 0.958749472
142 0.8907200000000002 0.8917064770434168 0.9567845760000001
143 0.8888400000000001 0.8895886558468213 0.9560634239999999
144 0.8883600000000001 0.8890535689770822 0.9553681920000001
145 0.89268 0.8944112214368465 0.959005024
146 0.8994 0.9002163931873752 0.9627594559999999
147 0.8991999999999999 0.900121262919364 0.9626318399999999
148 0.8979600000000001 0.8990160780720619 0.9616139519999999
149 0.8991999999999999 0.9000381207214259 0.961201696
150 0.8749600000000001 0.8761447764980799 0.9450702400000001
151 0.8456399999999998 0.8460731675655904 0.922760512
152 0.83368 0.8341185172528857 0.9134512640000001
153 0.83064 0.8310302878689255 0.911863488
154 0.82668 0.8268777003713124 0.9070064959999999
155 0.87292 0.8738036618121731 0.944793984
156 0.84376 0.8439307617943836 0.9220408320000001
157 0.8351599999999999 0.8354989253100857 0.91574016
158 0.8331199999999999 0.8334779290332583 0.9111767359999998
159 0.82744 0.8277361758665677 0.908780288
160 0.8789599999999999 0.8800152603128154 0.948742528
161 0.85344 0.8541876903078898 0.9290006399999999
162 0.8474 0.8480030760252409 0.9251783679999999
163 0.84772 0.8482502380961984 0.92329936
164 0.84276 0.8431917562865706 0.9214475200000001
165 0.8824799999999999 0.8836442031499148 0.951831104
166 0.85448 0.8551222109285742 0.9320909119999999
167 0.85144 0.8521534566360998 0.928657952
168 0.8487199999999999 0.8489738923462106 0.926784576
169 0.85076 0.8510379353646668 0.926433408
170 0.88216 0.8832258987611082 0.9513832640000001
171 0.85892 0.8600345928443784 0.933719552
172 0.85136 0.8521699960197333 0.9293715199999999
173 0.8507999999999999 0.851616239397524 0.927674848
174 0.8504400000000001 0.8512185457865085 0.926783776
175 0.88696 0.888039239909015 0.954255264
176 0.86768 0.8681607122461139 0.9390684799999999
177 0.8625999999999999 0.8633168711320692 0.9372825600000001
178 0.8605600000000001 0.8610759984201364 0.9365475520000001
179 0.86244 0.8626361752448956 0.936134976
180 0.8850399999999998 0.8860828935426275 0.9533655360000001
181 0.8647600000000001 0.8654861656363622 0.9373179199999999
182 0.85868 0.8597146970974336 0.93380448
183 0.8595599999999999 0.8604923208808508 0.9334756800000001
184 0.8581999999999999 0.8588812448400522 0.932974368
185 0.8930400000000001 0.8937735974538841 0.9588988480000001
186 0.8771599999999999 0.8777757807765179 0.9484862079999999
187 0.8755599999999999 0.8763652921935371 0.9461392959999999
188 0.87632 0.877142250220459 0.946211712
189 0.87636 0.8771608352265389 0.946746368
190 0.8859999999999999 0.8870748752415883 0.953797408
191 0.86488 0.8657193583832019 0.940336576
192 0.86372 0.8645526235403999 0.9375143039999999
193 0.8594799999999999 0.8606739534825503 0.93479232
194 0.8582799999999999 0.8592321811075623 0.933825472
195 0.8955599999999999 0.8966919371006341 0.9599845439999999
196 0.88412 0.8849778347916398 0.953369728
197 0.8834799999999999 0.8843471374227218 0.9524878080000001
198 0.88484 0.885495822689317 0.9524354560000001
199 0.8852399999999999 0.8859507020921905 0.953220416
200 0.8518400000000002 0.8526169892091591 0.926602112
201 0.85276 0.8534240930663927 0.9267975359999999
202 0.85152 0.851970253752298 0.926464864
203 0.85144 0.8520660862946435 0.9270326399999999
204 0.85236 0.8529902679208972 0.92698288
205 0.8557600000000001 0.8581984652061244 0.930651296
206 0.8562 0.8587089726343514 0.9307558080000001
207 0.8568800000000001 0.8592881322788589 0.9306481600000002
208 0.85732 0.8600070737370334 0.9308570559999998
209 0.8563599999999999 0.8588939587077389 0.9305847360000001
210 0.85856 0.8580394380309384 0.931794176
211 0.858 0.8575316542006888 0.9322401920000001
212 0.8588000000000001 0.8582414990450182 0.9321523199999999
213 0.85836 0.8576026664921909 0.93206032
214 0.85756 0.8569948331593565 0.931928096
215 0.86564 0.8676184286057499 0.9383888
216 0.8652 0.8669143877520513 0.9382989119999999
217 0.86616 0.8679195954741686 0.9385230400000001
218 0.8644399999999999 0.866312793772806 0.938025344
219 0.86528 0.8670441898732667 0.9385305599999999
220 0.8610000000000001 0.8598477955352699 0.9344961599999999
221 0.8595200000000001 0.8583018437926382 0.93426416
222 0.8606000000000001 0.8596569910274179 0.9340999360000002
223 0.86036 0.8594190374582465 0.934179808
224 0.8596800000000002 0.8586751737998497 0.9341782400000002
225 0.86948 0.8710015937944121 0.9417447039999999
226 0.86944 0.8708926239860546 0.9415911359999999
227 0.8693200000000001 0.8708986117736421 0.941580544
228 0.86944 0.871002130903 0.94144512
229 0.8702 0.8716227216465257 0.9419522560000001
230 0.85964 0.858248871764622 0.935552384
231 0.86272 0.861330284685064 0.9357807359999999
232 0.86276 0.861701836596886 0.935138816
233 0.86144 0.8602198506373689 0.9353450560000001
234 0.86152 0.8602505204763087 0.9348121600000001
235 0.8766 0.8775526351036428 0.9466405440000001
236 0.877 0.8779606278510543 0.9466726399999998
237 0.87604 0.8768459517622931 0.9465612799999998
238 0.87712 0.8781181497781263 0.946456448
239 0.8759600000000001 0.8769057964098698 0.946558688
240 0.8620000000000001 0.8606256534527947 0.9351592639999999
241 0.86216 0.8609045906621946 0.9353100480000001
242 0.8626000000000001 0.861266686029512 0.9354989439999999
243 0.86104 0.8600026203585858 0.9355585919999999
244 0.86344 0.8622625596786534 0.9356368319999999
245 0.8795999999999999 0.880328569992473 0.948756192
246 0.88024 0.8808905461786452 0.9483930239999999
247 0.8783999999999998 0.8790941889855706 0.948436576
248 0.87988 0.8805074005979259 0.948794848
249 0.8800400000000002 0.8807246276800242 0.9485565439999999
250 0.88168 0.88344493787089 0.95095408
251 0.8746 0.8758058853184393 0.9466408640000001
252 0.86936 0.8702010347986991 0.942154848
253 0.86692 0.8676459910400535 0.938261536
254 0.86128 0.8621159869199497 0.9357152959999999
255 0.88232 0.8836414680762907 0.951670944
256 0.8755600000000001 0.8763940465145776 0.9474216639999999
257 0.86904 0.869774315227095 0.9417586239999999
258 0.8661999999999999 0.8666346845189239 0.938594656
259 0.8602399999999999 0.8608856269411465 0.935355264
260 0.8838000000000001 0.885536254343311 0.953129216
261 0.88188 0.8829895253878431 0.9510814719999999
262 0.8759599999999998 0.8770030392507131 0.9480046400000001
263 0.87224 0.8730670709138885 0.9455777599999999
264 0.87184 0.8729466924311812 0.9434753600000001
265 0.88832 0.8896776204539538 0.9554035840000001
266 0.88308 0.8839970018616043 0.952512224
267 0.8801599999999998 0.8810746015667646 0.950437312
268 0.87536 0.8759796670950848 0.9467573440000001
269 0.8747199999999999 0.8753784697856121 0.945948512
270 0.88584 0.8876046074270686 0.9538873280000001
271 0.88504 0.8863721531499154 0.953586784
272 0.88028 0.8810902722839717 0.950168128
273 0.87888 0.8799201664489573 0.948809056
274 0.87576 0.8766539618732697 0.9468573119999999
275 0.88872 0.8903985422399918 0.956534656
276 0.89144 0.8923258390795039 0.9568738560000002
277 0.8880800000000001 0.8887792050183018 0.95484528
278 0.88432 0.885237261998564 0.9531363519999999
279 0.88164 0.88243451722496 0.9506456959999999
280 0.8852 0.8868914549022284 0.9536533119999999
281 0.88744 0.888713614997933 0.9549391359999999
282 0.8822000000000001 0.8832490193271166 0.9515731519999999
283 0.8802800000000002 0.8813379129347328 0.9493785920000001
284 0.8803599999999999 0.8817041234530159 0.948761056
285 0.8901599999999998 0.8916831794617899 0.9573561599999998
286 0.89444 0.8954977663090371 0.9596233279999999
287 0.8938799999999999 0.89476168079327 0.9584168
288 0.8916000000000001 0.8924732808003506 0.9579382080000001
289 0.88992 0.8907828819942555 0.956827648
290 0.8858799999999999 0.8876307344220489 0.9540538559999998
291 0.88896 0.8899877767184569 0.9552227520000001
292 0.8836400000000001 0.8846412982553307 0.9524180480000002
293 0.8800399999999999 0.8811759843498678 0.950643232
294 0.87988 0.8807709712403868 0.950520128
295 0.88996 0.8916737122748486 0.9573767679999999
296 0.89748 0.8985735828826064 0.9611005760000001
297 0.89604 0.8969430444408323 0.959684928
298 0.8956 0.8966026466273946 0.9599863039999998
299 0.8940000000000001 0.8949914445665236 0.959409664
300 0.8762000000000001 0.8770256574874876 0.946299872
301 0.8465199999999999 0.8465339403710035 0.924658368
302 0.83704 0.8375407955472471 0.9170233920000002
303 0.83492 0.8348462888117331 0.9137745919999999
304 0.83072 0.8305847378170524 0.909186336
305 0.87564 0.8762651621285636 0.946227904
306 0.8449599999999998 0.8448609792262423 0.923342624
307 0.8366 0.8360058929534816 0.9156364800000001
308 0.8310000000000001 0.8310832102197232 0.911075744
309 0.82896 0.8285073263615939 0.910656064
310 0.8836400000000001 0.8842901753848066 0.9527359360000001
311 0.8598000000000001 0.860207914418306 0.933205024
312 0.8535599999999999 0.853600710032518 0.9291818879999999
313 0.8487600000000001 0.8489657686308562 0.9271508479999999
314 0.84948 0.8493709342889815 0.928126432
315 0.8824799999999999 0.8832120535067197 0.9515696
316 0.85968 0.8596362774310577 0.934952608
317 0.8514800000000001 0.8517848988824867 0.9280422399999999
318 0.85068 0.8504499929573186 0.9286559999999999
319 0.84764 0.8476473357738261 0.9284759360000001
320 0.8844799999999999 0.8854832142954272 0.954700096
321 0.8618 0.8624703127682303 0.937838496
322 0.8576 0.8582490713117711 0.9346012480000001
323 0.8594799999999999 0.8594331111385325 0.935273184
324 0.85764 0.8578849215636823 0.9337829120000001
325 0.88712 0.8879871185336524 0.955589664
326 0.86624 0.8667603055385555 0.940619968
327 0.8633599999999999 0.8638570165196302 0.9382510079999999
328 0.8619199999999999 0.8619483667490767 0.9382963839999998
329 0.8628 0.8634629671197571 0.937747392
330 0.88948 0.8904653103671659 0.9562385279999999
331 0.8712 0.871780827863445 0.9445924479999999
332 0.8702 0.8709933241799448 0.9439871360000002
333 0.8675599999999999 0.8681120736327855 0.9418431679999999
334 0.8675600000000001 0.8679126022680919 0.941942624
335 0.89556 0.8964439643350801 0.9597419519999999
336 0.88168 0.8822518214491639 0.9504692160000001
337 0.88088 0.881333619727789 0.9502115520000001
338 0.8759600000000001 0.8762596476604358 0.9475311040000001
339 0.8768800000000001 0.8775641591188995 0.94875104
340 0.889 0.8899876977591564 0.9567682559999999
341 0.87288 0.8736675219301544 0.9459356799999998
342 0.8739600000000001 0.8745826085914572 0.94544992
343 0.8701599999999999 0.8707645812193372 0.9436593600000001
344 0.87188 0.8727395639628648 0.9441503360000001
345 0.89832 0.8990811938454316 0.961658272
346 0.88856 0.889258022634501 0.954768384
347 0.8883599999999999 0.889010879589828 0.9552120000000001
348 0.8870799999999999 0.8877757833493728 0.95305408
349 0.8859600000000001 0.8868773404030941 0.953129216
350 0.85556 0.8562965154246454 0.9302904320000002
351 0.8542400000000001 0.8549236224047579 0.930357792
352 0.8536000000000001 0.8542584480049891 0.9301512000000001
353 0.8538400000000002 0.8544919595074312 0.930470816
354 0.85452 0.855200697172716 0.9300942400000001
355 0.8591599999999999 0.8611814696637838 0.9342463999999999
356 0.8582000000000001 0.860154609069447 0.9335770240000001
357 0.8580399999999999 0.8601568345411291 0.9337801920000001
358 0.85924 0.8611274903226065 0.93387488
359 0.85904 0.8610451035582459 0.934384672
360 0.8615999999999999 0.8611634337985073 0.9354010560000001
361 0.86104 0.860471988068275 0.935254112
362 0.86028 0.8597935624303654 0.9353588159999999
363 0.86204 0.8615863510185235 0.93545616
364 0.8608800000000001 0.8604823180587384 0.9353248319999998
365 0.8674 0.8688254678526761 0.940608704
366 0.86628 0.8679466093045015 0.9401050559999999
367 0.8672400000000001 0.8687875028119653 0.9403246080000001
368 0.86708 0.8686513670995293 0.940209664
369 0.86828 0.8697762794782726 0.9404926079999999
370 0.8654400000000001 0.8645566879490593 0.937687712
371 0.86412 0.8631972214349201 0.93807936
372 0.8660399999999999 0.8652164087069976 0.9381555520000001
373 0.86624 0.865483154382869 0.9382943360000002
374 0.8647600000000001 0.863895148477354 0.938128128
375 0.87152 0.8727667456120802 0.9437779199999999
376 0.8714400000000001 0.872450851224389 0.9435144320000001
377 0.8723599999999999 0.8733701539586651 0.9437172159999999
378 0.87192 0.8731203142673015 0.9434771200000001
379 0.87188 0.8730331046556504 0.943574016
380 0.86876 0.867499777811694 0.940503488
381 0.86876 0.8674907704034535 0.939896096
382 0.8674800000000001 0.8661268046506437 0.9403154559999999
383 0.8676400000000001 0.8664580567962732 0.9404008640000001
384 0.8667200000000002 0.8652832797775929 0.9401872640000001
385 0.87924 0.8799253024824161 0.9483182079999999
386 0.87912 0.879940559486174 0.9484809599999998
387 0.87996 0.8806779609140472 0.9482540159999999
388 0.8796799999999999 0.8803536861557388 0.948585248
389 0.8794000000000001 0.8801729223765818 0.94877456
390 0.8671599999999999 0.8658368272741404 0.9404490240000001
391 0.8679600000000001 0.8669502123424266 0.9408233280000001
392 0.86692 0.8656593987848442 0.9404285119999999
393 0.8675200000000001 0.8663058107440935 0.940325184
394 0.86724 0.8659643587916731 0.940550784
395 0.88188 0.8822595060175342 0.9509393920000001
396 0.88364 0.8839621387594068 0.9509214400000001
397 0.88164 0.88199117843814 0.9506823359999999
398 0.8818400000000001 0.8821743278113052 0.950684736
399 0.88336 0.8836734143232841 0.9508014079999999
400 0.8840399999999999 0.8854757927392507 0.952251424
401 0.87492 0.8755435936320725 0.947575904
402 0.8700800000000001 0.8704527086834783 0.9436205120000001
403 0.8647199999999999 0.8650642814653964 0.939587424
404 0.8625999999999999 0.8631020415971837 0.9379544320000001
405 0.8838000000000001 0.8852219021901615 0.953106464
406 0.87676 0.8776046036633375 0.9478085760000001
407 0.8681599999999999 0.8687435847338081 0.941986496
408 0.86492 0.8654603918843657 0.939636928
409 0.86108 0.8613414635281493 0.936564832
410 0.8873599999999999 0.8890265548439956 0.955859072
411 0.8858 0.8866036307404149 0.9546095040000001
412 0.8809999999999999 0.8815290018415268 0.9508826880000001
413 0.8762800000000001 0.8770872709382775 0.9479594240000001
414 0.8726400000000002 0.8731282048233557 0.9451478720000001
415 0.88896 0.8905606164919752 0.956072928
416 0.88608 0.886801419455775 0.9539387840000002
417 0.8828400000000001 0.883457990776915 0.95068544
418 0.87904 0.8796478432882349 0.948586912
419 0.87492 0.8752881792602538 0.9462984639999998
420 0.88896 0.8905371619728703 0.9561753920000001
421 0.88764 0.8886706030072034 0.9559278399999999
422 0.8844800000000002 0.8854376217144317 0.9525954560000001
423 0.8807200000000002 0.8815755045552377 0.9520693439999999
424 0.87996 0.880663874026624 0.950644576
425 0.8901999999999999 0.8918114848122439 0.9576543359999998
426 0.88988 0.8907940016320175 0.957724896
427 0.88892 0.8896592978215156 0.9561022720000001
428 0.8888 0.8893868244401795 0.954813856
429 0.88512 0.8859394547619855 0.95305616
430 0.8891599999999998 0.8907672505509258 0.9564921280000002
431 0.8919600000000001 0.892988442669598 0.9583633599999999
432 0.88896 0.889813078901215 0.956426432
433 0.8879199999999999 0.8888124621348327 0.955685568
434 0.8844800000000002 0.8854975090248507 0.953857024
435 0.89028 0.8919510791471195 0.958570336
436 0.89916 0.8999593767412503 0.961526368
437 0.8956399999999999 0.8965213305918679 0.960225696
438 0.89452 0.8952634036312329 0.959437472
439 0.89276 0.8934887614473842 0.9584894399999999
440 0.8891600000000001 0.8906550879524433 0.956552512
441 0.8936 0.8943835367280863 0.9590023680000002
442 0.8905200000000001 0.8913638736001694 0.957847328
443 0.8872 0.8881683612735026 0.9561040000000001
444 0.88788 0.8888355266868734 0.9558774400000001
445 0.89312 0.8948876395833242 0.9588469759999999
446 0.90076 0.9015309748967922 0.9635399679999999
447 0.8988399999999999 0.8997481445804182 0.961768256
448 0.8988800000000001 0.8996685328837686 0.961656256
449 0.899 0.8997854884136001 0.9612433280000001
450 0.87332 0.8744098313163013 0.9444525120000001
451 0.84468 0.8450772619191296 0.92233184
452 0.8326800000000001 0.8332774756485429 0.9131221439999999
453 0.8321200000000001 0.8320745366348403 0.9105405440000001
454 0.8270799999999999 0.826391112277933 0.90696624
455 0.875 0.8757291943088787 0.9454495999999999
456 0.84328 0.8433325239407659 0.9230648319999999
457 0.83804 0.8376211012186818 0.9171753920000001
458 0.82948 0.8291988981922523 0.912579744
459 0.83192 0.8317185765506032 0.9111829439999999
460 0.88208 0.8833100209999178 0.95075808
461 0.8514799999999999 0.8522897548643332 0.929276896
462 0.8482 0.848675299621003 0.924970528
463 0.8491199999999999 0.8493451024702917 0.9255268799999999
464 0.84392 0.8439720841219301 0.9216966400000001
465 0.8810800000000001 0.881907349987946 0.9511171200000001
466 0.8573599999999999 0.8578512718327346 0.933567264
467 0.8546799999999999 0.8550158615599855 0.930304416
468 0.8518000000000001 0.8521615328247798 0.9284495039999999
469 0.84712 0.8474067724926859 0.9245424
470 0.88344 0.8846207540715992 0.951477344
471 0.85728 0.8579458468311522 0.933554208
472 0.85404 0.8548183470793272 0.9299215359999999
473 0.8518399999999999 0.8522809547530124 0.927329568
474 0.8487199999999999 0.8493848816336236 0.9273948480000002
475 0.8869999999999999 0.8878433515380127 0.954630944
476 0.86792 0.8683277466688988 0.94089328
477 0.86176 0.8624347471496161 0.9361195200000001
478 0.86172 0.8619588773007798 0.936777344
479 0.85932 0.859665141029236 0.9348812479999999
480 0.88568 0.8868187552187197 0.952998816
481 0.8622399999999999 0.8632604509098499 0.936866528
482 0.8591599999999999 0.8598600638699511 0.935399168
483 0.8595599999999999 0.8607338142916683 0.9321101119999999
484 0.85748 0.8587212149677399 0.9330137599999999
485 0.8921199999999999 0.893017580882721 0.957531904
486 0.8779199999999999 0.8785550814105683 0.9474922560000001
487 0.87848 0.8792703144274945 0.9467967679999999
488 0.8745200000000001 0.875127349265752 0.946968096
489 0.8735199999999999 0.8742867939348317 0.945213472
490 0.8842000000000001 0.8852246185742109 0.952472064
491 0.86316 0.8640305154933643 0.939166432
492 0.8587200000000001 0.8597644363610912 0.934641568
493 0.8584400000000001 0.8592113732757903 0.9344608319999999
494 0.85884 0.8599036130816431 0.9351830400000001
495 0.8948 0.8958588543935377 0.9598096
496 0.8841999999999999 0.8850082637193382 0.95308704
497 0.8834 0.884257721599688 0.9523212160000002
498 0.8848 0.8854388048010357 0.9531656639999999
499 0.8835600000000001 0.8841386507143987 0.9525912639999999
500 0.85252 0.853027105871632 0.926731456
501 0.852 0.8524293837274601 0.926574432
502 0.85228 0.852772084339802 0.926710688
503 0.85172 0.8523551094278418 0.926596352
504 0.85124 0.8519877901191351 0.926665152
505 0.85788 0.860573850328081 0.930860096
506 0.85612 0.8587034492035548 0.930805056
507 0.8570400000000001 0.8595179911117936 0.930427104
508 0.85768 0.8600875709937593 0.9309407679999999
509 0.85616 0.8586914565791576 0.930454336
510 0.8574400000000001 0.8569093518032265 0.932030688
511 0.8593999999999999 0.8589001434274508 0.9324181119999999
512 0.8581999999999999 0.857462142793033 0.9318330560000001
513 0.8578399999999998 0.8572339940918455 0.9317808
514 0.85836 0.8578931911227535 0.932153632
515 0.86692 0.8688186134617693 0.938274432
516 0.8657599999999999 0.8676723577319331 0.9384497599999999
517 0.86616 0.8680262418873687 0.9383202879999999
518 0.8662000000000001 0.8680207731358781 0.9382315519999999
519 0.8661999999999999 0.8680549053429006 0.93837536
520 0.86032 0.8594245517871062 0.934033728
521 0.8618 0.8606564356610941 0.934252768
522 0.8603999999999999 0.859274547325211 0.934041184
523 0.86044 0.859435482789355 0.9335854400000001
524 0.8599600000000001 0.8589667511376158 0.93413808
525 0.8695999999999999 0.8711115419760475 0.9418816640000001
526 0.87044 0.8718111240105582 0.9419100480000001
527 0.87004 0.8716158393589188 0.9415836799999999
528 0.8688800000000001 0.8702746294048703 0.9418152
529 0.87004 0.8714314262848806 0.9418070399999999
530 0.8626799999999999 0.8615454096931761 0.9352616640000001
531 0.86112 0.8598119573334543 0.935399584
532 0.8614799999999999 0.8602730651393866 0.9350027839999999
533 0.8618399999999999 0.8607256304934019 0.9352608
534 0.86204 0.8610228416227261 0.9352371199999998
535 0.87652 0.8774830651784289 0.946547264
536 0.8769600000000001 0.8778815795822302 0.9466087360000002
537 0.87612 0.8770130280105791 0.9465271359999999
538 0.87544 0.8763735585474871 0.9464003200000001
539 0.8761199999999999 0.8770476240269497 0.946560384
540 0.86112 0.8597250530673902 0.9353797440000001
541 0.86172 0.860177295389844 0.9352035519999999
542 0.8619600000000001 0.8608111860827679 0.9355423679999999
543 0.8602000000000001 0.8588975663243108 0.93490528
544 0.86104 0.8596922248206944 0.9354233919999999
545 0.8788 0.8795027244649539 0.9486573119999999
546 0.8800000000000001 0.8807202904827387 0.94809728
547 0.8800799999999999 0.8807646493993717 0.948628576
548 0.87896 0.8796283374360392 0.9487093120000001
549 0.87928 0.8800593717631617 0.94853056
550 0.8824 0.8841431441848568 0.950775456
551 0.8766400000000001 0.8777787507147454 0.9474263039999998
552 0.86972 0.8708501919007892 0.9423002239999999
553 0.86524 0.8657131839084121 0.937843104
554 0.86208 0.8629237393125457 0.9357194239999999
555 0.88272 0.8844120453446548 0.9519376640000001
556 0.8747999999999999 0.8755706087060042 0.94603392
557 0.87088 0.8715663955467476 0.942372064
558 0.8646800000000001 0.8653274086798056 0.938582112
559 0.86236 0.8630857448086079 0.9367356480000002
560 0.8845599999999999 0.8863661796006364 0.9536942400000001
561 0.8815200000000001 0.882841086529554 0.951130432
562 0.87804 0.8791759050929505 0.9473337919999999
563 0.8725999999999999 0.8735421003647523 0.945176128
564 0.8708 0.871599095349134 0.9438279680000001
565 0.88812 0.8897795494110333 0.9553119999999999
566 0.88344 0.8843663710678594 0.9530192640000001
567 0.8789999999999999 0.8797704177881585 0.9494651519999999
568 0.8758800000000001 0.8764996791913653 0.947838272
569 0.8764 0.8771973064170767 0.9468770559999999
570 0.88484 0.8865883172089312 0.9540418560000001
571 0.88416 0.8853185074395643 0.95282784
572 0.8807600000000001 0.881713427601001 0.9508978880000001
573 0.87812 0.8791569403029076 0.9482296
574 0.87324 0.8743298396217087 0.945470688
575 0.88932 0.8908502354498532 0.956319232
576 0.89056 0.8914012383881724 0.955872928
577 0.8870000000000001 0.8878088605203415 0.954307968
578 0.8841600000000002 0.8848910972881253 0.953056704
579 0.8827599999999999 0.8834891048296717 0.951174688
580 0.8855599999999999 0.8873169913716004 0.9537751360000002
581 0.8855999999999999 0.8866897653591346 0.954331328
582 0.8831200000000001 0.8843034231037041 0.9515708479999999
583 0.88132 0.8822768038504922 0.9499117439999999
584 0.8794000000000001 0.8804251307042875 0.948625472
585 0.8897600000000001 0.8914344248972494 0.957517344
586 0.89336 0.8943340722617211 0.95960912
587 0.8914799999999999 0.8924091538068655 0.9575963199999998
588 0.89144 0.8921354025300714 0.957975136
589 0.89096 0.8918715753468411 0.9572772159999999
590 0.8854000000000001 0.8872796009005061 0.954173248
591 0.8883599999999999 0.8894264763387894 0.9545994559999998
592 0.8834 0.8848129007334649 0.952375872
593 0.87988 0.8811234377369314 0.950603744
594 0.8786799999999999 0.8798150932115337 0.949680096
595 0.8901599999999998 0.8917631869464897 0.9571904320000002
596 0.8972 0.8980178142057668 0.9606718080000001
597 0.8977999999999999 0.8986831216244889 0.9600502399999999
598 0.89528 0.8962988986360401 0.960127168
599 0.8930400000000001 0.8938767116155955 0.958957696