300 0.8453505007153076 0.9051412023300183 0.8429871630565045
301 0.844062947067239 0.9042501535470935 0.8428349882186723
302 0.8477825464949929 0.906527403057158 0.8422146542196121
303 0.849785407725322 0.9079218019727981 0.8446501104891488
304 0.8483547925608012 0.9070233503024705 0.8421117341859423
305 0.801859799713877 0.8896854267879204 0.7950632714628292
306 0.8021459227467812 0.8898271668404043 0.79793038793014
307 0.8022889842632331 0.8898806193365145 0.7969343746816506
308 0.802002861230329 0.8897392538817632 0.7946758653494694
309 0.8027181688125895 0.8901287151880268 0.7952546608870564
310 0.849785407725322 0.9088224991665836 0.8275393317913846
311 0.846351931330472 0.9068603162751193 0.8240738279101503
312 0.849785407725322 0.9090457706360354 0.8287992849895792
313 0.850071530758226 0.909227457731426 0.83022870912386
314 0.8509298998569385 0.9095992096551442 0.8294731566412775
315 0.7992846924177396 0.8884470529970045 0.753756851533909
316 0.7994277539341916 0.8885354960854903 0.7516399523228248
317 0.7994277539341916 0.8885354960854903 0.7521687059984019
318 0.7992846924177396 0.8884471233015263 0.7535145923618065
319 0.7992846924177396 0.8884471233015263 0.7516138546704021
320 0.8050071530758226 0.8748762389039977 0.8239665794481172
321 0.7991416309012875 0.870379591877924 0.8198645579485792
322 0.8008583690987126 0.8712261059116274 0.8278353008396062
323 0.7954220314735336 0.867819162942868 0.8215444190511418
324 0.8015736766809729 0.8722038716623942 0.824636142357771
325 0.7994277539341916 0.8885354960854903 0.77212848134704
326 0.7995708154506438 0.8886061619866623 0.7713312795680858
327 0.7995708154506438 0.8886061690271724 0.7684583611876639
328 0.7995708154506438 0.8886061690271724 0.770002949326602
329 0.7994277539341916 0.8885354960854903 0.7716565254865052
330 0.8513590844062946 0.9109687148964797 0.8433280771114378
331 0.8316165951359086 0.8970208503557776 0.8184363665210121
332 0.8334763948497853 0.8971399416293717 0.8267102109905895
333 0.8281831187410587 0.8939189833491078 0.8176812645724911
334 0.8294706723891274 0.8946295610112317 0.8190503726536302
335 0.8397711015736767 0.9076526268308918 0.8515947207230914
336 0.8545064377682404 0.913042543125569 0.8552681853297525
337 0.8484978540772532 0.9088143668639163 0.844972308355245
338 0.8437768240343347 0.9053987517941072 0.8419155385276887
339 0.8470672389127325 0.9070452642833382 0.8432551722546199
340 0.8535050071530759 0.9132880679158688 0.8552843766950838
341 0.8572246065808298 0.9147448821810349 0.8533158589485288
342 0.8522174535050071 0.9118106369177251 0.848813975478467
343 0.8533619456366237 0.9124412116905471 0.8496469689667601
344 0.8550786838340485 0.913319757477107 0.8543252532897716
345 0.817310443490701 0.8970416050351918 0.8511660540324021
346 0.8494992846924176 0.9126196423744485 0.874364542097546
347 0.8533619456366237 0.9145195983127256 0.8737613109577602
348 0.8532188841201718 0.9143567798145756 0.872566118060903
349 0.8520743919885551 0.9134727254091487 0.8722711219501657
350 0.8361945636623748 0.9058342642519991 0.8224940512023042
351 0.8409155937052933 0.9077046221865114 0.8173441352888464
352 0.8380543633762517 0.9059961397342764 0.8181497270636227
353 0.8361945636623748 0.9047137625444209 0.8153199782899326
354 0.8377682403433475 0.9054223220959787 0.8125302680202997
355 0.8001430615164521 0.8888712593176027 0.8281384740229031
356 0.8195994277539341 0.8980275648302468 0.8388758332686377
357 0.8200286123032903 0.8978365457388275 0.8419426651731735
358 0.8228898426323319 0.899373178126084 0.841379821727117
359 0.8247496423462088 0.9002579635263354 0.8411949243556489
360 0.8277539341917025 0.8944590270384362 0.8148243305482772
361 0.8071530758226038 0.8803200618834601 0.7921969923718925
362 0.8072961373390557 0.8798029963108105 0.7868936598365855
363 0.8022889842632331 0.8763164915201223 0.7835751667776487
364 0.8050071530758226 0.8779181977173114 0.7894398001049912
365 0.8496423462088698 0.9108283841213968 0.8541247489627513
366 0.8316165951359084 0.8972482224951082 0.828464926811461
367 0.8264663805436339 0.8942033088027834 0.8182378035186042
368 0.8200286123032903 0.8896250190478842 0.8149999357169395
369 0.8195994277539341 0.8898655160783013 0.8107974831437993
370 0.8469241773962806 0.9089298336830156 0.8391765386539214
371 0.8301859799713878 0.8982300717535511 0.8228002577426473
372 0.8309012875536481 0.8985076016996538 0.8227643450087072
373 0.8260371959942775 0.8953945870014852 0.8166606606657115
374 0.8233190271816883 0.893485288624189 0.8165272855881556
375 0.836480686695279 0.9061637190037357 0.8653773447650883
376 0.8496423462088698 0.912673370319444 0.8622303849364925
377 0.847925608011445 0.9117358093751677 0.8625418662947009
378 0.8487839771101573 0.9120756404557089 0.8620620954207141
379 0.8457796852646637 0.9102562437805389 0.8655740700700838
380 0.8133047210300429 0.8944621924072467 0.7583685458770146
381 0.811444921316166 0.893088214914766 0.7456378550442629
382 0.8108726752503577 0.8927807792612457 0.7410527522671557
383 0.8130185979971388 0.893783791376263 0.7384117215240866
384 0.8128755364806866 0.8939867870054788 0.7339562355686606
385 0.8015736766809727 0.8894377059904304 0.7780837125434111
386 0.8062947067238913 0.891524297586591 0.7683297675649999
387 0.8072961373390559 0.892058376960928 0.7630483475324527
388 0.8071530758226038 0.8919179106779348 0.7636724313767103
389 0.805722460658083 0.8912038380389445 0.7706716178812049
390 0.844062947067239 0.9056582181090764 0.8405108227502958
391 0.8393419170243206 0.9029005231749225 0.8379777721340839
392 0.8457796852646637 0.9068769511395679 0.8399089519795837
393 0.8453505007153076 0.906619659979305 0.8394105364828317
394 0.8437768240343347 0.9056423831963706 0.8388322537950579
395 0.8030042918454935 0.8902879145232478 0.8005766320821373
396 0.8011444921316165 0.8893139124673223 0.8030689465935259
397 0.801859799713877 0.8897207489590055 0.7998895293131738
398 0.8021459227467812 0.8898276748198632 0.8041866431751042
399 0.8021459227467812 0.889845029069401 0.8008027348373904
