900 0.8381974248927039 0.9010168092733135 0.8306206836324709
901 0.8194563662374822 0.8875253349516031 0.8090682874394485
902 0.8183118741058655 0.8867256458106748 0.8030465187729117
903 0.8138769670958513 0.8837544659864086 0.800205152299046
904 0.8128755364806868 0.8830548695301845 0.7975708461674293
905 0.8552217453505007 0.9136213522816391 0.8587976470477929
906 0.8333333333333334 0.8980549279936317 0.8310185021126688
907 0.8334763948497855 0.8977289159404247 0.8308699486261732
908 0.8310443490701 0.8959114641828784 0.8254125723341368
909 0.8350500715307583 0.8986385225364009 0.8223494441728054
910 0.8507868383404864 0.9103299069476607 0.8449612187731524
911 0.8492131616595137 0.9091548625745334 0.8461341841230556
912 0.844062947067239 0.90580909809504 0.8383032291132849
913 0.8470672389127325 0.9075000249806955 0.8417288038414823
914 0.8434907010014306 0.9053627628177854 0.8397396054327769
915 0.8526466380543635 0.9142227941137204 0.8749081846813326
916 0.8566523605150215 0.9154214132155782 0.8775425760412834
917 0.8585121602288984 0.9165137189440381 0.8728060098786738
918 0.8603719599427754 0.9175778681198514 0.8741368915058942
919 0.8589413447782546 0.9168256976383997 0.877122277076033
920 0.8369098712446352 0.9045758628409969 0.8108338788881703
921 0.8314735336194564 0.9008941070990838 0.7999710293999824
922 0.8310443490701 0.9007118249969542 0.7966456745400847
923 0.8309012875536481 0.9007862514709043 0.7969922824262416
924 0.8300429184549355 0.8997578673060126 0.7943144291386461
925 0.8236051502145922 0.8999300493446881 0.8374973989308119
926 0.8294706723891274 0.9019571620338649 0.8334469772786752
927 0.8314735336194563 0.90302571892783 0.8322628569105092
928 0.8334763948497853 0.9040058108107834 0.835629155467523
929 0.8297567954220316 0.9019632052495871 0.8270561194379257
930 0.8484978540772532 0.9077657742638227 0.8405087271766668
931 0.844349070100143 0.9051525908368239 0.8388668547523487
932 0.8459227467811159 0.9062147820684257 0.8403508124198668
933 0.8484978540772531 0.907788884808815 0.8394030434098407
934 0.8460658082975681 0.9062544134542654 0.8377354312550583
935 0.8007153075822604 0.8891542886771692 0.7800059803031327
936 0.8005722460658082 0.8890839537316145 0.7802252339945538
937 0.8005722460658082 0.8891010201609524 0.7793592674537156
938 0.8004291845493562 0.8890128865870593 0.7778057623193785
939 0.8008583690987123 0.8892425910893783 0.7756107677653085
940 0.844062947067239 0.9049554753578721 0.8268202705750205
941 0.8432045779685267 0.9043204882998623 0.8270631549950972
942 0.8470672389127325 0.9066806363191322 0.8290218925577296
943 0.844062947067239 0.9049608241883067 0.8284590992327564
944 0.8452074391988555 0.9057493843513871 0.828239853140867
945 0.7994277539341916 0.8885354960854903 0.749520640611082
946 0.7994277539341916 0.8885354960854903 0.7491978873471592
947 0.7994277539341916 0.8885354960854903 0.7510131101325597
948 0.7994277539341916 0.8885354960854903 0.7505623137138236
949 0.7994277539341916 0.8885354960854903 0.7510046698833467
950 0.7902718168812589 0.8630713358527636 0.821102934301696
951 0.7875536480686696 0.8612537486474355 0.8205820142419865
952 0.7921316165951359 0.864351430557089 0.8254098710909709
953 0.7907010014306152 0.8631284048262531 0.8213974738909549
954 0.7931330472103004 0.8654432979391806 0.8223611207426351
955 0.7994277539341916 0.8885354960854903 0.768421135690876
956 0.7994277539341916 0.8885354960854903 0.7681549119033193
957 0.7994277539341916 0.8885354960854903 0.7675325913478289
958 0.7994277539341916 0.8885354960854903 0.7719388236583086
959 0.7994277539341916 0.8885354960854903 0.7658850244276973
960 0.8547925608011445 0.9134910574943085 0.8538953453962002
961 0.8467811158798284 0.9069604731096834 0.8354260428636167
962 0.8429184549356223 0.9041728049491631 0.8355299878366541
963 0.8389127324749642 0.9016715256013889 0.8314333799097872
964 0.8459227467811159 0.9056490556136938 0.8292883862451891
965 0.834763948497854 0.9051390267855346 0.8534047216542827
966 0.8553648068669528 0.9141023724353843 0.8614092638960316
967 0.8543633762517884 0.9130244894677381 0.8602942370796611
968 0.851788268955651 0.9111747546433149 0.8542653069644762
969 0.8506437768240342 0.9104412556851897 0.8484997707084846
970 0.8533619456366237 0.913649578034058 0.8585644439922853
971 0.8557939914163091 0.9142790326541403 0.8576159934995836
972 0.8573676680972817 0.9150360129940189 0.8553312137531096
973 0.8529327610872676 0.9123467257495992 0.8540831440829798
974 0.8552217453505007 0.9136178652484845 0.8538942387397318
975 0.8167381974248926 0.8968022763843855 0.8469925656413544
976 0.8457796852646637 0.9106610844222247 0.8738358165148938
977 0.8507868383404864 0.9133180715518339 0.8757786225994835
978 0.849928469241774 0.9127041879849914 0.8715884854310957
979 0.8505007153075823 0.9129498487904225 0.8711904361366262
980 0.832618025751073 0.9039392789146439 0.8221803872610719
981 0.8366237482117309 0.9052418337355524 0.8200742384794488
982 0.8389127324749641 0.9067878634994676 0.8126457709760743
983 0.8336194563662375 0.9033521337586834 0.8083145280585537
984 0.8363376251788269 0.9050798013335337 0.8108413736913345
985 0.8 0.8888182229709602 0.8265625313861061
986 0.8164520743919885 0.896422258773869 0.8349580096936047
987 0.8208869814020028 0.8985728528528106 0.839955846189303
988 0.8210300429184549 0.8984108960134727 0.8373597075198218
989 0.8241773962804005 0.9000772148059216 0.8391859934003978
990 0.8270386266094419 0.8931279344538862 0.8116999731524335
991 0.8032904148783977 0.8762603877210315 0.7839484975234924
992 0.7975679542203148 0.8720627537701917 0.7868127066575417
993 0.7959942775393418 0.8707784430090619 0.7806419450445746
994 0.7988555078683834 0.8728119418461716 0.7865322210152362
995 0.8519313304721031 0.9110293565789668 0.8490435282337865
996 0.8276108726752502 0.8932547605131165 0.8231223329028209
997 0.8204577968526466 0.8885210214729249 0.8143529734711901
998 0.8148783977110158 0.8849467867750136 0.8107343432352021
999 0.8145922746781116 0.8844498021477462 0.800312372753645
