800 0.8339055793991417 0.9047087951990852 0.8222492976842064
801 0.8353361945636625 0.9045986029661124 0.8180566279401187
802 0.8353361945636623 0.9046540183179651 0.811354199273902
803 0.8410586552217454 0.9077364646285669 0.8193593359726474
804 0.836480686695279 0.9049945798552427 0.8146908318030264
805 0.7997138769670958 0.888659064781541 0.8258767378239755
806 0.8160228898426324 0.8962050160017464 0.8309707340005825
807 0.8210300429184549 0.8987016251205644 0.8384600022915961
808 0.8223175965665238 0.8992693454729007 0.8409236329812192
809 0.8221745350500715 0.8990680305593404 0.8352670019736864
810 0.8281831187410587 0.8936054649244571 0.8196900865756792
811 0.801859799713877 0.8753866846050237 0.7877137602804136
812 0.8048640915593707 0.8770117783645031 0.7930386100390281
813 0.7975679542203147 0.8721158010535637 0.7852320233877638
814 0.796280400572246 0.8710641284956442 0.7866938532548516
815 0.8553648068669528 0.912935462491542 0.8551203806429027
816 0.8278969957081544 0.893433764435672 0.8243902867315249
817 0.8187410586552218 0.8870625517004136 0.8191352173790609
818 0.8094420600858369 0.8813920115432985 0.8103854506165927
819 0.8107296137339055 0.8816792030217343 0.8117828406287483
820 0.8492131616595137 0.9090579127853798 0.8479995602434931
821 0.844349070100143 0.9058469540397402 0.8428584195336655
822 0.8442060085836909 0.9055584611003276 0.8397827741571204
823 0.8429184549356223 0.9046096621582851 0.8411872227408053
824 0.8466380543633762 0.9070574830199416 0.8490522215472991
825 0.8565092989985693 0.916153795592464 0.8786368659974408
826 0.861659513590844 0.9181073726717408 0.8747633794116357
827 0.8593705293276109 0.9164645034349584 0.8713169528918872
828 0.8609442060085837 0.9174276914223258 0.8750181608184899
829 0.8599427753934192 0.9168041822024751 0.8726081974610436
830 0.8363376251788269 0.9039662516388057 0.8080521666629468
831 0.8296137339055794 0.8996702862464486 0.7984834436049553
832 0.8317596566523606 0.9007111989774245 0.7962903095265372
833 0.834763948497854 0.9027234678369617 0.7993419255058706
834 0.8317596566523605 0.9007629652861905 0.7988232587515436
835 0.8244635193133046 0.9001730650797326 0.8370795116245417
836 0.8340486409155936 0.9042130472922221 0.8336355189262752
837 0.8371959942775394 0.9059073026646957 0.8409843425001838
838 0.8366237482117309 0.9056160955452011 0.8361991376328405
839 0.832618025751073 0.9032756673850549 0.8376153800778526
840 0.8492131616595134 0.9073424379219223 0.8458199001080849
841 0.8506437768240342 0.9081866332500642 0.8482030946035911
842 0.8490701001430615 0.9073022392959695 0.8477887867021338
843 0.8506437768240342 0.9082599773461171 0.8482569153105377
844 0.8480686695278971 0.9065504686986227 0.8464682279785638
845 0.8027181688125895 0.8900934413887782 0.7993483469136206
846 0.8032904148783977 0.8903946228879833 0.8000665221693275
847 0.8024320457796852 0.8899689779553821 0.8020184568718953
848 0.8027181688125895 0.8901118771913735 0.8003111001420116
849 0.8027181688125895 0.8901110006568704 0.8004967462439186
850 0.851788268955651 0.9102318369476388 0.829402253666154
851 0.8527896995708154 0.9108078782861323 0.8280183760852209
852 0.852360515021459 0.9104771424122211 0.8310458339393996
853 0.8506437768240342 0.9095109840375579 0.8316240273410738
854 0.8526466380543634 0.9107515822842729 0.8281847769102926
855 0.7994277539341916 0.8885354960854903 0.7539595725242954
856 0.7994277539341916 0.8885354960854903 0.7534067842935549
857 0.7994277539341916 0.8885354960854903 0.754479521356339
858 0.7994277539341916 0.8885354960854903 0.756124978223327
859 0.7994277539341916 0.8885354960854903 0.7548266837925377
860 0.7962804005722461 0.8683323217053202 0.8196608455872394
861 0.8001430615164521 0.8711969218098631 0.8242363195766895
862 0.8022889842632331 0.872927593955765 0.8224483759556167
863 0.8028612303290416 0.8731357965911183 0.8254075284648856
864 0.8024320457796852 0.8730590684705815 0.8228166067196374
865 0.7994277539341916 0.8885354960854903 0.7694930037995883
866 0.7994277539341916 0.8885354960854903 0.7712450652904327
867 0.7995708154506438 0.8886061619866623 0.7717990998677584
868 0.7995708154506438 0.8886061690271724 0.7736691319963673
869 0.7994277539341916 0.8885354960854903 0.7704230361044224
870 0.8505007153075823 0.9103756255625667 0.8431534975162013
871 0.8367668097281831 0.8997411389936969 0.832293776831593
872 0.8293276108726753 0.8944450937346569 0.8204738653865986
873 0.8296137339055795 0.89470938553139 0.8158498410981612
874 0.8266094420600858 0.8925234856189928 0.8202811495474386
875 0.8403433476394848 0.9080310418917132 0.8541643000688616
876 0.8539341917024321 0.912567409006227 0.8606181386188609
877 0.8502145922746781 0.9098225243079847 0.8476025459579997
878 0.847925608011445 0.9077422595096151 0.8467445240328031
879 0.8457796852646637 0.906246653969695 0.8436851680216556
880 0.8549356223175965 0.9141398737074778 0.8585030137462445
881 0.8549356223175966 0.9134653712712281 0.8563143843652228
882 0.8577968526466382 0.9150317104187972 0.8580289571602353
883 0.855937052932761 0.9139128868983534 0.8560429183074127
884 0.855937052932761 0.9136158797884505 0.8539381725405806
885 0.8201716738197424 0.8985431824175212 0.8552672278742659
886 0.8490701001430615 0.9122910973403554 0.8742530930384561
887 0.8527896995708156 0.9140212086907896 0.8764405886908868
888 0.8533619456366237 0.9143742181257828 0.8766180040960585
889 0.8562231759656653 0.9159358371207466 0.8819529048188517
890 0.8330472103004292 0.9041210842225498 0.8268216991353109
891 0.8371959942775394 0.905512653348928 0.8211670828748371
892 0.8384835479256081 0.9061822176181273 0.8202794382809101
893 0.8377682403433477 0.9055508499952525 0.8210430117693361
894 0.8391988555078683 0.9064005002771006 0.811554921533545
895 0.8001430615164521 0.8888712945370496 0.8291481289750543
896 0.8178826895565093 0.897097228373319 0.8416243366482169
897 0.8217453505007153 0.8988816177420939 0.8390705806660339
898 0.8248927038626608 0.900410112004695 0.8397504886845851
899 0.8240343347639485 0.8999385128598286 0.8418756281093751
