700 0.848068669527897 0.9112807192553498 0.8443916115221303
701 0.8466380543633762 0.9093895418337266 0.8311718116306872
702 0.8452074391988555 0.9082983168538421 0.8347642308950286
703 0.8447782546494992 0.9080138019501038 0.8370860650455286
704 0.8470672389127325 0.9092921701476382 0.8360929829313782
705 0.8024320457796852 0.8899003260255652 0.8453924037249022
706 0.8344778254649498 0.9052881287922393 0.8569867355966441
707 0.8381974248927039 0.9069833876715754 0.8574322078712932
708 0.8410586552217454 0.9084503300079557 0.8583681888323561
709 0.8416309012875537 0.9085421109927803 0.8544947412812949
710 0.8098712446351932 0.8935863037553149 0.7688839323297211
711 0.8120171673819743 0.8942912083368573 0.7702461821028143
712 0.8143061516452074 0.8953230226512116 0.7667635916228808
713 0.8120171673819743 0.8939652818514728 0.7640513919404203
714 0.8141630901287554 0.8951153852385059 0.7658443352726518
715 0.7991416309012875 0.8883586802130405 0.7688676421674263
716 0.8011444921316165 0.8892426894038531 0.7770528198072165
717 0.8011444921316165 0.889189694927906 0.7755965688949725
718 0.8024320457796852 0.8898816507774502 0.7774026869571051
719 0.8041487839771101 0.8906649535815836 0.7785334110379651
720 0.8393419170243204 0.9013654317917261 0.8289552352486403
721 0.8183118741058655 0.8869463174284373 0.8009474541388493
722 0.8218884120171674 0.8888963534362168 0.8101633363483156
723 0.8127324749642346 0.882889101201401 0.7989869123250891
724 0.8180257510729614 0.8868064407237611 0.8035636838579692
725 0.8549356223175966 0.9133743973747194 0.8597744601963063
726 0.8427753934191703 0.9038916825966066 0.8393802578301084
727 0.8387696709585122 0.9010620290373896 0.840368078839543
728 0.8337625178826895 0.8977237935771658 0.833422741872788
729 0.8280400572246066 0.8942119991334374 0.8287291870203062
730 0.8487839771101573 0.9091967828866461 0.8450760479272027
731 0.8474964234620888 0.9080075960454705 0.8398132981484107
732 0.8424892703862661 0.9047173024901781 0.8368179458969387
733 0.8457796852646637 0.9065852048086238 0.8467300832923886
734 0.8456366237482117 0.906560480670841 0.840459362595047
735 0.8515021459227468 0.9135898472407501 0.8763687409505885
736 0.8583690987124463 0.916415904045745 0.876326258657216
737 0.8608011444921317 0.917754866155097 0.8742812360721816
738 0.855650929899857 0.9148494963969365 0.8725754042539015
739 0.8587982832618026 0.9164517703515299 0.8731698057303096
740 0.8361945636623748 0.9041204802176495 0.8110254421602061
741 0.8316165951359084 0.9008776442128477 0.7988497345404544
742 0.8320457796852647 0.9011901166036094 0.7979659071331209
743 0.8319027181688126 0.9013427127319751 0.7944589857743047
744 0.8311874105865522 0.9005264604644838 0.7950033303911541
745 0.8217453505007153 0.8987812204969 0.837294980601668
746 0.8337625178826895 0.9042152704946483 0.8384041968194577
747 0.8370529327610873 0.9060616245563649 0.8392711012902687
748 0.8309012875536481 0.9025911188211528 0.8312399869469704
749 0.8356223175965665 0.9052398276531204 0.8383273070479627
750 0.8473533619456365 0.9074032536004655 0.8383665480093224
751 0.8494992846924176 0.9084242783774072 0.8382401828966225
752 0.846351931330472 0.9065673529613039 0.8401537241733752
753 0.8466380543633762 0.9068930376303446 0.8393072755704282
754 0.8472103004291845 0.9069463476012617 0.8410349286838585
755 0.8005722460658082 0.8890659370988381 0.7839376507834285
756 0.8004291845493562 0.8890302980195086 0.7835247723368626
757 0.8004291845493562 0.8889949826534478 0.7819660211116425
758 0.8001430615164521 0.8888534047180979 0.7828615216589915
759 0.8004291845493562 0.8890128023023234 0.7820005642058334
760 0.8469241773962803 0.9067406600108384 0.8283709427582797
761 0.8450643776824034 0.9054499500618043 0.8282260309719934
762 0.8452074391988555 0.905589533883066 0.8289456356154205
763 0.8444921316165951 0.9049435126254582 0.8319937717247727
764 0.8452074391988553 0.9054342696060653 0.8298592653659054
765 0.7994277539341916 0.8885354960854903 0.7552995944390037
766 0.7994277539341916 0.8885354960854903 0.7523374359908462
767 0.7994277539341916 0.8885354960854903 0.7519539536274861
768 0.7994277539341916 0.8885354960854903 0.7517798101417548
769 0.7994277539341916 0.8885354960854903 0.7502044245535731
770 0.7907010014306153 0.8633386321575667 0.8212338508804109
771 0.7892703862660945 0.8624557351019784 0.821801929861258
772 0.792131616595136 0.8642723124161176 0.8262424189588945
773 0.7914163090128755 0.864060386557371 0.8216559498700775
774 0.7882689556509298 0.8620748055685619 0.8173641114539635
775 0.7994277539341916 0.8885354960854903 0.7676756018955813
776 0.7994277539341916 0.8885354960854903 0.7679308903683812
777 0.7994277539341916 0.8885354960854903 0.7677384318446581
778 0.7994277539341916 0.8885354960854903 0.7675646623256975
779 0.7994277539341916 0.8885354960854903 0.7666227491643893
780 0.8519313304721029 0.9119406164140743 0.8511434387546405
781 0.851788268955651 0.9100535581368933 0.8422507987886256
782 0.8450643776824034 0.9056677408053213 0.8386719590485724
783 0.8466380543633762 0.9064893560645748 0.8331923490287927
784 0.8410586552217453 0.9027059435022966 0.8356300593334378
785 0.8353361945636625 0.9055376794929467 0.8525990099937666
786 0.857510729613734 0.9154614155382511 0.8650372936340638
787 0.8550786838340485 0.9133818399857446 0.8602603747547037
788 0.8522174535050071 0.9115831701953038 0.8614799786618914
789 0.8542203147353362 0.9123115720252113 0.8558097409317469
790 0.855937052932761 0.9151028625410929 0.8593366810586522
791 0.8510729613733904 0.9115095270811467 0.8536759611978108
792 0.8575107296137338 0.9152119034821187 0.8526294776831836
793 0.855650929899857 0.9140862564287449 0.8536458648646384
794 0.8543633762517882 0.9132618643225706 0.852447666546927
795 0.8175965665236051 0.8972861998313627 0.8541592204583021
796 0.8464949928469242 0.9111392051703083 0.8733269485550471
797 0.8492131616595137 0.9123964704066305 0.8739648488514826
798 0.8513590844062946 0.9135151948718983 0.8762198065745933
799 0.8537911301859799 0.9146682801552928 0.8790633734675339
