500 0.6324749642346209 0.723838085881864 0.7588156061229931
501 0.6310443490701002 0.722929514840587 0.759153837748868
502 0.632618025751073 0.7247465671408678 0.7590356504608444
503 0.6296137339055794 0.7206984146678981 0.7618102863029141
504 0.630615164520744 0.7226741731907166 0.7588222515057415
505 0.7994277539341916 0.8885354960854903 0.759175860799521
506 0.7992846924177396 0.8884471233015263 0.7626265450578423
507 0.7994277539341916 0.8885354960854903 0.763948971915625
508 0.7992846924177396 0.8884470529970045 0.759845797838785
509 0.7994277539341916 0.8885354960854903 0.7600882793493454
510 0.8472103004291845 0.9091578931192821 0.8360633313443289
511 0.8256080114449214 0.8931994606691201 0.8137859642422155
512 0.8151645207439199 0.8858237351824861 0.8076022059250153
513 0.8160228898426324 0.8857890064335139 0.8089571057857586
514 0.813161659513591 0.884190676513156 0.7956963680136346
515 0.8246065808297569 0.9003146567081147 0.8457352524219086
516 0.8446351931330472 0.9073714025817925 0.8445945214230097
517 0.8432045779685264 0.9054690314753391 0.8386679859601383
518 0.8347639484978542 0.900169571745329 0.826038746632746
519 0.8316165951359084 0.8981371885405933 0.8323885260040249
520 0.8472103004291845 0.910612365822184 0.8417841457839227
521 0.845779685264664 0.9087662868123452 0.8402095312698409
522 0.8447782546494993 0.9081064840927352 0.840515213152447
523 0.8457796852646637 0.9086264664437369 0.8397758954737398
524 0.8459227467811159 0.9084767314730982 0.8381608209131368
525 0.8028612303290416 0.8901291732758547 0.8543889759838201
526 0.8343347639484978 0.9050669967299383 0.8591519081171735
527 0.8427753934191703 0.9094113403079532 0.8642104284845626
528 0.8410586552217453 0.9083557051604648 0.8617189001119939
529 0.840486409155937 0.9079999012632707 0.8605601106587791
530 0.8084406294706724 0.8928218652505999 0.7710533368967685
531 0.8151645207439199 0.8959071170312111 0.7664497503673873
532 0.813447782546495 0.8948048784295617 0.7653810913300806
533 0.8150214592274677 0.8956001575569005 0.7691172868527374
534 0.8118741058655221 0.8938431615508797 0.7650352109390305
535 0.7991416309012875 0.8883586802130405 0.7699598297412142
536 0.802002861230329 0.8896859489329121 0.7764112745517396
537 0.801859799713877 0.8895628079187146 0.7704885893838535
538 0.8031473533619456 0.8902544101402196 0.7765846982416353
539 0.8034334763948499 0.8903095942100002 0.7781659794226498
540 0.8171673819742489 0.8877061138460789 0.8078334385686448
541 0.8094420600858369 0.8811481549640303 0.7936180666513885
542 0.8048640915593704 0.8781607104332563 0.7907390920569911
543 0.7995708154506438 0.8745817341898892 0.7862086849547809
544 0.7945636623748212 0.8718597297953687 0.7737506637300804
545 0.8456366237482117 0.9084465367530526 0.8441594136830328
546 0.8291845493562231 0.895706763559779 0.8169580565216596
547 0.8213161659513591 0.8909585072706012 0.81373530589505
548 0.8228898426323319 0.8915155371547737 0.8116531480997746
549 0.8198855507868383 0.8893028757607645 0.8131727033593347
550 0.8399141630901287 0.9049557867437203 0.8311226652361274
551 0.8293276108726753 0.897540797977415 0.8164902278581257
552 0.8317596566523605 0.8990231759715815 0.8200316181040025
553 0.8258941344778256 0.8949303121831573 0.812729059128749
554 0.8273247496423461 0.8959248401359193 0.8157074422623213
555 0.8353361945636623 0.9055374870143504 0.8619481905934038
556 0.844349070100143 0.9096478353215642 0.8614321278241153
557 0.8492131616595137 0.9123039938926834 0.8588605170340967
558 0.8459227467811159 0.9104796661941666 0.8562010867340728
559 0.8469241773962806 0.9108772700058717 0.8588451817004785
560 0.8123032904148785 0.8939728165621693 0.7464203994590051
561 0.8108726752503577 0.8928504153157814 0.7396667832782405
562 0.8094420600858369 0.8920050110946702 0.7314369297469567
563 0.811587982832618 0.8931288741462442 0.7446691429292305
564 0.8140200286123033 0.8945476515083122 0.7362424498180611
565 0.8014306151645207 0.8893848674528968 0.7754100444095496
566 0.8064377682403434 0.8915965649811868 0.7714657357667881
567 0.8065808297567953 0.8915966375273079 0.770180492530512
568 0.8078683834048641 0.8923126860508755 0.769706822668757
569 0.8075822603719599 0.892098579773944 0.7688103033099066
570 0.8449213161659512 0.9062764770272113 0.8380788693569553
571 0.8424892703862661 0.904789168936327 0.8341667566909734
572 0.8424892703862661 0.9049375212088074 0.840792500832077
573 0.8417739628040058 0.9042453490756002 0.8328017162339172
574 0.8463519313304723 0.9071525069869463 0.8377743987258969
575 0.8025751072961373 0.8900404836687026 0.7981263620753298
576 0.8025751072961373 0.8900575196949359 0.797980821556297
577 0.8027181688125895 0.8900934205035591 0.7959316230820976
578 0.8031473533619456 0.8903238162602664 0.7957644384824366
579 0.8025751072961373 0.890022975609346 0.7949599084600262
580 0.8437768240343348 0.9043081973118128 0.8501272346387466
581 0.847925608011445 0.9067247713810582 0.8508354483486815
582 0.8473533619456367 0.90645739900016 0.8510517027308309
583 0.8454935622317598 0.9053017912806858 0.8501284068311243
584 0.8474964234620888 0.9066108409302714 0.8532190926118842
585 0.7994277539341916 0.8885354960854903 0.7933739725084232
586 0.7994277539341916 0.8885354960854903 0.7951599952188921
587 0.7994277539341916 0.8885354960854903 0.7976144684251405
588 0.7994277539341916 0.8885354960854903 0.79517807343484
589 0.7994277539341916 0.8885354960854903 0.7963383954419351
590 0.5929899856938483 0.6832024694738968 0.7435679606823886
591 0.5914163090128756 0.6818825754375014 0.7435689836249327
592 0.5921316165951359 0.6825033691443249 0.7463375601916385
593 0.594420600858369 0.6845724447981403 0.7461504003153553
594 0.5927038626609443 0.6831712273189645 0.7459002036579606
595 0.7992846924177396 0.8884470529970045 0.7516284138879922
596 0.7994277539341916 0.8885354960854903 0.7521286463119352
597 0.7994277539341916 0.8885354960854903 0.7491252441627617
598 0.7994277539341916 0.8885354960854903 0.755085325897807
599 0.7994277539341916 0.8885354960854903 0.7565624185340292
