0 0.8397711015736766 0.9016355643765666 0.8339304937792897
1 0.8220314735336194 0.8889823238852207 0.813209205724106
2 0.8193133047210301 0.8874374564832831 0.8095617211649027
3 0.817453505007153 0.8861418326518924 0.801797928622905
4 0.817310443490701 0.8860694529410749 0.8019964411907626
5 0.8540772532188841 0.912968588492191 0.8597056077054788
6 0.8390557939914162 0.9014107626940735 0.8395694170671216
7 0.8343347639484978 0.8987093747667275 0.8330153928736849
8 0.8379113018597997 0.9005790327047067 0.8334616328109391
9 0.8354792560801144 0.8987252639484715 0.8363058989249021
10 0.8437768240343347 0.9061202273893582 0.8396732607201957
11 0.8492131616595137 0.9090377072274336 0.8404383599272999
12 0.8473533619456367 0.9079458680472168 0.8425187672055399
13 0.8463519313304723 0.9071172366868815 0.8406509230448649
14 0.8472103004291845 0.9076707346853672 0.8409760036645672
15 0.8487839771101573 0.9119719339454908 0.878819157547851
16 0.8572246065808299 0.915847638579516 0.8717582783402108
17 0.8593705293276109 0.9170686158909549 0.8718546536729669
18 0.857796852646638 0.916023820964468 0.8757562747881871
19 0.855937052932761 0.9150600049292391 0.8723666343264448
20 0.836480686695279 0.904344467901744 0.8065581338861735
21 0.8296137339055795 0.8997914753423941 0.7990642962951297
22 0.8303290414878397 0.9001203124980961 0.7970974874549432
23 0.8343347639484978 0.902404082800237 0.7983155467825285
24 0.8296137339055794 0.8998244222365696 0.798457032479743
25 0.8221745350500715 0.8992487202544327 0.8391377857367791
26 0.8311874105865522 0.903022334844531 0.8339103302588005
27 0.8359084406294708 0.9052419241767404 0.8376398191403981
28 0.8323319027181688 0.9034826280822905 0.8352655206736443
29 0.8334763948497853 0.9041031580048108 0.8320504095110023
30 0.8494992846924176 0.9083260728116187 0.8382472038725046
31 0.8486409155937054 0.9079718195807251 0.8378848579325148
32 0.8456366237482118 0.9062382630939911 0.83830032342267
33 0.8503576537911302 0.9090751370740093 0.8398758145392069
34 0.8493562231759656 0.9084596451256892 0.8384142130142784
35 0.8004291845493562 0.8889952218802888 0.7843462819253839
36 0.8004291845493562 0.8889950389608853 0.7832702361362681
37 0.8002861230329043 0.8889418548806735 0.7845600019324528
38 0.800286123032904 0.8889419392830584 0.7832842170190228
39 0.8004291845493562 0.8889953839134268 0.7815806272610164
40 0.8444921316165951 0.9049629029780902 0.8299334232396355
41 0.8457796852646637 0.9058446789799122 0.8286808839325438
42 0.8434907010014306 0.9043864870209065 0.8313222050200573
43 0.8450643776824034 0.9057378130490085 0.8287241934125879
44 0.8472103004291845 0.906818577263833 0.832511052666302
45 0.7994277539341916 0.8885354960854903 0.7529900196559977
46 0.7994277539341916 0.8885354960854903 0.7504941358236531
47 0.7994277539341916 0.8885354960854903 0.7523335530770063
48 0.7994277539341916 0.8885354960854903 0.7526759127415611
49 0.7994277539341916 0.8885354960854903 0.7516630155261571
50 0.790414878397711 0.8633451496556994 0.8204471526005912
51 0.7922746781115879 0.8645035512881585 0.8194943065884963
52 0.7918454935622317 0.8641910307901626 0.8234497739297006
53 0.7894134477825465 0.8625033172408203 0.8222195942112966
54 0.7959942775393419 0.8670884237077136 0.82501545414258
55 0.7994277539341916 0.8885354960854903 0.7661584232508509
56 0.7994277539341916 0.8885354960854903 0.7655943581925622
57 0.7994277539341916 0.8885354960854903 0.7678785391230207
58 0.7994277539341916 0.8885354960854903 0.7720151725929117
59 0.7994277539341916 0.8885354960854903 0.7668060092321995
60 0.8567954220314734 0.9146946123324258 0.8558697783323443
61 0.850071530758226 0.9089868833905974 0.8418898907264181
62 0.8460658082975681 0.906107061651884 0.8320499894870196
63 0.846351931330472 0.9060522570088849 0.8371884987509057
64 0.8397711015736767 0.9023072907615998 0.8255548441661003
65 0.8351931330472103 0.905456109914649 0.8571714225006781
66 0.8570815450643776 0.9151715000703321 0.8636985338705647
67 0.8570815450643776 0.9147127190716315 0.8604407180313114
68 0.853934191702432 0.9123686631325573 0.8588904888782505
69 0.8542203147353362 0.9124660996890709 0.8571379596208193
70 0.8549356223175966 0.9143714705749698 0.8576128195903874
71 0.8563662374821173 0.9145709873695438 0.8519802408641517
72 0.8560801144492132 0.9144154146262737 0.8565754108375158
73 0.8529327610872676 0.9126098686941937 0.854226979198736
74 0.8532188841201716 0.9125826221278223 0.8499908559946749
75 0.8177396280400572 0.8973425828695429 0.8522411625561352
76 0.84620886981402 0.911016662839694 0.872349693287221
77 0.8487839771101573 0.9121853965428347 0.8738365184075075
78 0.8522174535050071 0.9138976737688191 0.8734200391803473
79 0.8487839771101573 0.9119879783862531 0.8766171914072209
80 0.8353361945636623 0.905480230228715 0.8231984287710888
81 0.834763948497854 0.9042840304850113 0.8165807696654701
82 0.832904148783977 0.9029438838991876 0.812563269818147
83 0.8343347639484978 0.9039283582355004 0.8161911887070319
84 0.8367668097281831 0.9052244457771186 0.8160966365392508
85 0.8 0.8888005160881685 0.8219152292286879
86 0.817310443490701 0.897028118980292 0.8371585370720286
87 0.8204577968526466 0.8983065760721333 0.8372026226131425
88 0.8224606580829757 0.8991968590293855 0.8356861126773205
89 0.8221745350500715 0.8990493050065936 0.8370761731972418
90 0.8286123032904149 0.8938109376737579 0.8131398829355497
91 0.8007153075822604 0.8742659826966888 0.7900994908201082
92 0.7991416309012875 0.8733119330155683 0.7861212140980939
93 0.7992846924177396 0.8731193932462962 0.7938728710868486
94 0.7997138769670958 0.8740330952184612 0.7810050995138618
95 0.8529327610872676 0.9115938957074208 0.857776997085837
96 0.8264663805436339 0.8926131906012295 0.823447554828826
97 0.8164520743919885 0.8859355279720704 0.8118452171747295
98 0.809728183118741 0.8817394089266157 0.7999822058021688
99 0.8118741058655221 0.8830628671103365 0.8028930798827154
100 0.8493562231759656 0.9093427016406469 0.8487844371862152
101 0.8413447782546495 0.9037160712161946 0.8426828142795124
102 0.84620886981402 0.9066921381299397 0.8428759645000399
103 0.8426323319027181 0.904459898513905 0.8426044839830702
104 0.8450643776824034 0.9058776334918122 0.8466443041563612
105 0.8523605150214593 0.9138430510795145 0.8747529466267174
106 0.8619456366237482 0.9180547161287418 0.8762161452816987
107 0.8608011444921317 0.9174337434645871 0.872757961404225
108 0.861659513590844 0.9177896054968706 0.8751322829728624
109 0.8599427753934192 0.9169224198277302 0.8752638580809602
110 0.8404864091559372 0.9064698174303801 0.8163392908829238
111 0.8288984263233189 0.8992265779169258 0.7970171891434216
112 0.8310443490701 0.9002667486256349 0.7952654769664148
113 0.8301859799713875 0.8997366611330657 0.7911445773562134
114 0.8304721030042919 0.9000883035186457 0.7949703690121896
115 0.82274678111588 0.8991950459467637 0.8445424889691949
116 0.8319027181688124 0.902935352689128 0.8374589348823781
117 0.8333333333333334 0.9036992329780282 0.8334464371918642
118 0.8354792560801144 0.9049742569895063 0.8330597279230829
119 0.83447782546495 0.9044997095105985 0.8413126310931409
120 0.848211731044349 0.906553005329422 0.8471844661465472
121 0.8473533619456367 0.9061703350513926 0.8465943220911744
122 0.8476394849785409 0.906534361416625 0.8435279502437771
123 0.8519313304721031 0.909340705524247 0.8456333936276593
124 0.8476394849785407 0.9064381783664455 0.8468161775703139
125 0.8024320457796854 0.8899866075607236 0.8026644113049567
126 0.8025751072961373 0.8900402856232299 0.8013013990964168
127 0.8021459227467812 0.8898097422865924 0.8005892464170643
128 0.8025751072961373 0.8900402576806108 0.8029819084470626
129 0.8028612303290414 0.8901818561633188 0.8008951923444636
130 0.8519313304721029 0.9103290885176316 0.8336860351946666
131 0.8480686695278971 0.9079549826446028 0.8318165164542599
132 0.8487839771101575 0.9083675392339808 0.8327808310958209
133 0.8535050071530759 0.9111812432029947 0.8308041295412434
134 0.8510729613733906 0.9098755325097942 0.8310623985254916
135 0.7994277539341916 0.8885354960854903 0.7532756845006882
136 0.7994277539341916 0.8885354960854903 0.754463807835345
137 0.7994277539341916 0.8885354960854903 0.7552749400706457
138 0.7994277539341916 0.8885354960854903 0.7552655014951828
139 0.7994277539341916 0.8885354960854903 0.754891033291716
140 0.8042918454935621 0.8741522271280816 0.8255301035384282
141 0.8034334763948496 0.8731254656569527 0.8254639974472706
142 0.8031473533619456 0.8732202564508948 0.822998258416358
143 0.8048640915593704 0.8746373916791373 0.8266212629750811
144 0.8022889842632331 0.8726383589409817 0.8216787934737141
145 0.7992846924177396 0.8884470529970045 0.7745908895522199
146 0.7994277539341916 0.8885354960854903 0.7709674146896616
147 0.7994277539341916 0.8885354960854903 0.7733976123184529
148 0.7994277539341916 0.8885354960854903 0.7763068380802447
149 0.7995708154506438 0.8886061619866623 0.7732816102015887
150 0.8496423462088698 0.9098116027039674 0.8422260659660704
151 0.8420600858369098 0.9031404164724568 0.828774936268539
152 0.8319027181688126 0.8961418848860486 0.8254095925055982
153 0.8323319027181689 0.8963349364560251 0.8212645187498554
154 0.8297567954220314 0.8947602044877122 0.8151924580219727
155 0.8403433476394848 0.9080302707042955 0.855034289788685
156 0.8532188841201718 0.9122092116507984 0.8529381981276039
157 0.8519313304721031 0.9107728069434055 0.8544444474368525
158 0.8439198855507868 0.9053951668273845 0.847941097889831
159 0.8474964234620886 0.9074428004613585 0.8466147667912788
160 0.8550786838340487 0.9141448553392226 0.8573472799204582
161 0.8560801144492132 0.9141181216647254 0.8560598677837753
162 0.8546494992846924 0.9132423097826553 0.8546135947124818
163 0.8549356223175966 0.9133551339494625 0.8558773650423115
164 0.8535050071530759 0.9124266543621016 0.8516180465219423
165 0.8187410586552218 0.8977847935714456 0.8564780533312039
166 0.8484978540772532 0.9121110467782734 0.8739645948844398
167 0.8526466380543634 0.9142011693487518 0.877339968543138
168 0.8560801144492132 0.9160210726951984 0.8785781948637725
169 0.8547925608011445 0.9150036857131575 0.8764015427353188
170 0.8337625178826895 0.9044853881867635 0.8183894178189774
171 0.8389127324749642 0.906545412945964 0.8214100336460401
172 0.8433476394849786 0.9089698537222267 0.8196147282008839
173 0.8390557939914164 0.906418714449147 0.8183187839407526
174 0.8396280400572247 0.9067544598271194 0.8231982158681816
175 0.8 0.8888005793521803 0.8289711258457423
176 0.8168812589413449 0.8966926704963925 0.8397760420234853
177 0.8236051502145922 0.8999465572844892 0.8421128109297504
178 0.8221745350500715 0.8988860673189292 0.8375953298623383
179 0.8254649499284692 0.9005919520881116 0.8456750538617792
180 0.8354792560801145 0.8991339766624886 0.8273705755318568
181 0.8183118741058655 0.8866611204902896 0.8034222016658823
182 0.8104434907010015 0.8812985232818266 0.8014190531002636
183 0.8084406294706724 0.880230681093955 0.7928624230324389
184 0.8138769670958512 0.8835197592940002 0.7997654759785877
185 0.8567954220314735 0.9146565386438514 0.8608691259125084
186 0.8367668097281831 0.9000142525452229 0.8354593464077498
187 0.8298998569384836 0.8955414124531398 0.8241969550555158
188 0.8313304721030044 0.896287813405408 0.8290479671957947
189 0.8270386266094422 0.893739271161117 0.8258944310824816
190 0.8483547925608012 0.9086859366214645 0.8478366332317784
191 0.846351931330472 0.9073305602739443 0.8473372091213698
192 0.8434907010014306 0.9054114906941901 0.8441112331790632
193 0.8434907010014306 0.9054789761255095 0.8417392100723122
194 0.8432045779685264 0.9053066466223723 0.8448816004746768
195 0.8527896995708154 0.9142612622753912 0.8758736289692933
196 0.8567954220314735 0.9156151648112345 0.8742315283086619
197 0.8596566523605149 0.9171506477967014 0.8765589020006592
198 0.8593705293276109 0.9169556180279423 0.8752748487907759
199 0.8582260371959943 0.9162978917867861 0.8757600263859482
