1200 0.8373390557939914 0.9014075374170922 0.8341462676597594
1201 0.8361945636623748 0.9007575331539194 0.8344087287306475
1202 0.8367668097281831 0.9011094022901152 0.8324813269107963
1203 0.8380543633762517 0.9017781771415481 0.8347724991853755
1204 0.8370529327610873 0.9010994628091836 0.834465250627837
1205 0.8041487839771101 0.8907858564225851 0.7982555544895835
1206 0.803862660944206 0.8905913073484293 0.7986030398198739
1207 0.8044349070100143 0.8909280650513607 0.8008565622451961
1208 0.8044349070100143 0.890911654137762 0.7976367564029749
1209 0.803719599427754 0.8905028859903504 0.7983962733353384
1210 0.8464949928469242 0.9076450823350786 0.8454184179259803
1211 0.8477825464949929 0.908681653505656 0.8472987893307675
1212 0.8489270386266095 0.9092784496613419 0.8461940086390654
1213 0.848068669527897 0.9086256541733606 0.8466104879171128
1214 0.8443490701001432 0.9065382716908987 0.8447913850197356
1215 0.7994277539341916 0.8885354960854903 0.7857699091213106
1216 0.7994277539341916 0.8885354960854903 0.7874993246655458
1217 0.7992846924177396 0.8884471233015263 0.7878407038643271
1218 0.7994277539341916 0.8885354960854903 0.784507172899749
1219 0.7994277539341916 0.8885354960854903 0.7851679737052193
1220 0.6260371959942775 0.7193038767114526 0.7472966853373014
1221 0.6238912732474965 0.7168946447057717 0.7507199437879167
1222 0.6237482117310443 0.7170038436375478 0.7487498653945567
1223 0.6211731044349069 0.7135297754058045 0.7506427115296443
1224 0.6223175965665236 0.7164472645765422 0.7482745233681886
1225 0.7994277539341916 0.8885354960854903 0.7557036383939908
1226 0.7994277539341916 0.8885354960854903 0.755408005830881
1227 0.7994277539341916 0.8885354960854903 0.7547974504606231
1228 0.7994277539341916 0.8885354960854903 0.7540728546123832
1229 0.7994277539341916 0.8885354960854903 0.7500643384576199
1230 0.8430615164520743 0.9068460337335402 0.8336103898238207
1231 0.8211731044349071 0.8902232671283773 0.8092113999208669
1232 0.8143061516452075 0.8853423360816187 0.7990625422770379
1233 0.8075822603719599 0.8811149668323026 0.7904116605796497
1234 0.805436337625179 0.8795156701086102 0.7884869250422696
1235 0.8240343347639485 0.9001504447880505 0.8425350794753781
1236 0.8407725321888412 0.9052756092052275 0.8334163119301948
1237 0.8349070100143061 0.9007631559294073 0.8287300388110591
1238 0.8339055793991415 0.8995543745366177 0.8213144634086966
1239 0.8291845493562231 0.8964830720997143 0.8197666526602561
1240 0.8457796852646637 0.9098339505071976 0.8458734813560003
1241 0.8426323319027181 0.9069271686903745 0.8302978027367207
1242 0.8412017167381973 0.9057633458569905 0.8288297663494004
1243 0.8420600858369098 0.9063274919844773 0.8232095012692474
1244 0.8413447782546495 0.9056100414465611 0.8221943978264754
1245 0.8025751072961373 0.8899522250715485 0.8425607025891122
1246 0.8313304721030044 0.9035585024947477 0.8549286095913082
1247 0.8374821173104434 0.9064909531569209 0.8576599708997806
1248 0.8412017167381973 0.9085228050144943 0.8568037028705457
1249 0.8384835479256079 0.9068520697416089 0.8579127403756871
1250 0.8078683834048641 0.8926208668796309 0.7673186831335312
1251 0.8133047210300429 0.8948340296421563 0.7577661190377792
1252 0.813447782546495 0.8947729785839 0.7485616628446298
1253 0.8143061516452075 0.895068881766732 0.7531658258809689
1254 0.8137339055793991 0.8947088045682667 0.7527735053539918
1255 0.7992846924177396 0.8884471233015263 0.767544554267438
1256 0.800143061516452 0.8887650740261325 0.768130835105467
1257 0.8015736766809729 0.8894204864904639 0.7671118614798772
1258 0.8021459227467812 0.889669019766529 0.7647638512532895
1259 0.803719599427754 0.8905032185321575 0.7715394609302946
1260 0.825178826895565 0.8931315633014618 0.8071768535470817
1261 0.8004291845493562 0.8759488226375843 0.7839095410657155
1262 0.798283261802575 0.8745263808038478 0.7728863602745167
1263 0.7882689556509299 0.867231371443145 0.7596489095911613
1264 0.7949928469241774 0.8716463822956637 0.7689598851330162
1265 0.8379113018597997 0.9040287149387399 0.8371677448983558
1266 0.8284692417739628 0.8955790684730992 0.8121984985528435
1267 0.8171673819742489 0.8879671186041117 0.8037933251716977
1268 0.8138769670958512 0.8854599502589926 0.7984388187148983
1269 0.8113018597997138 0.8842545802821302 0.7918998836789053
1270 0.8397711015736766 0.9048986370592805 0.8210329776896129
1271 0.8250357653791129 0.8950716827864362 0.8000739504381704
1272 0.8277539341917025 0.896522079302402 0.7991468169582164
1273 0.8224606580829757 0.8936946910391772 0.7956669991491073
1274 0.8221745350500715 0.8930195790616888 0.7883896986912321
1275 0.832904148783977 0.9041684282433227 0.8591999981575078
1276 0.8444921316165953 0.9093804120966051 0.857148585774989
1277 0.8446351931330472 0.9095020615170801 0.8554498362784276
1278 0.8440629470672387 0.9091714823124702 0.8504160199435109
1279 0.8433476394849786 0.9088576385414815 0.854863141534105
1280 0.8125894134477825 0.8941180754472668 0.7481069469392445
1281 0.8144492131616594 0.8950429265034412 0.7401841526540132
1282 0.8131616595135908 0.8938567996381275 0.7300539013258958
1283 0.8111587982832618 0.8928235093594091 0.7228462789578314
1284 0.8133047210300429 0.8940498371912236 0.7209574833873181
1285 0.8 0.888533647601977 0.7657839893210987
1286 0.8051502145922746 0.890918036416612 0.7624374360945753
1287 0.8062947067238913 0.8914894014353711 0.7656065423870818
1288 0.8052932761087268 0.8908329462163145 0.7670419450006893
1289 0.8081545064377682 0.8924370127820836 0.7643546810473609
1290 0.8387696709585122 0.9025169721706122 0.8296648246142387
1291 0.8396280400572247 0.902868419164515 0.8308754950965053
1292 0.83862660944206 0.9020698626589144 0.8282012221795665
1293 0.8380543633762517 0.9017817573896352 0.8337751500599413
1294 0.8406294706723891 0.9035926846401269 0.8301484629180326
1295 0.801859799713877 0.8896501187148596 0.793362336913167
1296 0.8021459227467812 0.8898446553993973 0.7928499482919609
1297 0.801859799713877 0.8897216735770621 0.7926209424667963
1298 0.8021459227467812 0.8898096226145252 0.7932790666168982
1299 0.8025751072961373 0.8900578867293485 0.7942424825952774
