1000 0.8486409155937054 0.9086669924376393 0.8469263964640092
1001 0.8432045779685264 0.9052651034117087 0.8398298089739488
1002 0.8454935622317598 0.906310354956051 0.83931328456594
1003 0.8426323319027181 0.9044170820464552 0.839700143694186
1004 0.8457796852646637 0.9064513442346656 0.8397508414078816
1005 0.8537911301859799 0.9147230213236694 0.8779246077632715
1006 0.8582260371959943 0.9159980251853991 0.8685401712248332
1007 0.8618025751072962 0.9180087649728979 0.8738628137210288
1008 0.8586552217453505 0.9161387653157919 0.8715029670199643
1009 0.8582260371959943 0.9157903854064692 0.8678832975116499
1010 0.8402002861230329 0.9063015299881046 0.8114778596973379
1011 0.8331902718168813 0.9016774669416199 0.7957000676319025
1012 0.8340486409155936 0.901834887412145 0.8095500293878679
1013 0.8298998569384836 0.8999477162703371 0.7942375368176899
1014 0.8313304721030044 0.9005065940316701 0.790875891780451
1015 0.826752503576538 0.9013145553847449 0.8434836124861486
1016 0.8351931330472103 0.9048862172426736 0.8384558971573572
1017 0.8340486409155936 0.904162207612164 0.8366209990259564
1018 0.8377682403433475 0.9062240399659285 0.8365800848608618
1019 0.8353361945636625 0.9048504839582862 0.8313689996257378
1020 0.8460658082975681 0.9055758889095094 0.8425637573219396
1021 0.8515021459227468 0.9089956838903415 0.8427609836667891
1022 0.8503576537911302 0.907991757688692 0.8434978386219794
1023 0.8486409155937054 0.9069037972210794 0.8441025425452839
1024 0.845779685264664 0.9052582804768617 0.8422801710096891
1025 0.8025751072961373 0.890057759645714 0.7959747562177951
1026 0.8021459227467812 0.8898104632532841 0.7939883945543359
1027 0.8027181688125895 0.8901285944190368 0.7943991739913525
1028 0.8024320457796854 0.8899868753868148 0.7953049394225187
1029 0.8020028612303289 0.8897562478336193 0.7957743404756451
1030 0.8490701001430615 0.908668960522099 0.8277827861641157
1031 0.8494992846924176 0.9088053051357481 0.8297945723591473
1032 0.8496423462088698 0.9088085069173578 0.8301248433652783
1033 0.848068669527897 0.9079493064123417 0.8294423261060327
1034 0.8489270386266095 0.9085962662447418 0.8305649627179704
1035 0.7994277539341916 0.8885354960854903 0.7540405077227683
1036 0.7994277539341916 0.8885354960854903 0.7518812981629295
1037 0.7992846924177396 0.8884471233015263 0.7516635283800412
1038 0.7994277539341916 0.8885354960854903 0.7524796286551705
1039 0.7994277539341916 0.8885354960854903 0.7528411108214309
1040 0.7982832618025751 0.8698259476033631 0.8249497253706582
1041 0.7995708154506438 0.8707632521602126 0.8212405746623979
1042 0.7991416309012876 0.8704888119823657 0.8217887465334137
1043 0.7981402002861231 0.8699031949205199 0.8246674823720443
1044 0.799713876967096 0.8709330841814632 0.8221438279094828
1045 0.7994277539341916 0.8885354960854903 0.7696317566698327
1046 0.7995708154506438 0.8886061690271724 0.7685293467704184
1047 0.7994277539341916 0.8885354960854903 0.770025875401491
1048 0.7995708154506438 0.8886061690271724 0.7726539356667
1049 0.7994277539341916 0.8885354960854903 0.7718428512879916
1050 0.8515021459227468 0.9109410972372576 0.8442503439427691
1051 0.8319027181688126 0.8966668644368969 0.8216609154805392
1052 0.8284692417739628 0.8946386351207589 0.8210755246935004
1053 0.8323319027181688 0.8963273802878163 0.8171443739206106
1054 0.8276108726752505 0.8932400306921441 0.8179007935863816
1055 0.8396280400572247 0.9075942207964772 0.8506588677582101
1056 0.8583690987124463 0.9153333201256284 0.855154418462386
1057 0.848068669527897 0.9081980815956985 0.8482553188430397
1058 0.848068669527897 0.9079989317753725 0.8492038937026303
1059 0.8419170243204578 0.9040877739225628 0.8441887152468741
1060 0.8549356223175966 0.914080834713516 0.8619445931388132
1061 0.8532188841201716 0.9122877524154784 0.8523665668608832
1062 0.8553648068669528 0.9137053931444129 0.8545235496083633
1063 0.8529327610872673 0.9120783493049401 0.8499259925963842
1064 0.8550786838340487 0.9133465793106492 0.8562566596861926
1065 0.8181688125894135 0.8975281390222873 0.8540479588767145
1066 0.8486409155937054 0.9121050258394007 0.8724592597468319
1067 0.8542203147353362 0.9149130258886732 0.8744718280900902
1068 0.8542203147353362 0.9148603182082068 0.8758015665755592
1069 0.8543633762517882 0.914841809451491 0.8730357381325904
1070 0.8350500715307583 0.9053011150977147 0.82035005155786
1071 0.8379113018597997 0.9059707471575547 0.8211856917461162
1072 0.8370529327610873 0.905442491231222 0.8195535407887299
1073 0.8386266094420602 0.906127330780721 0.8173181910702232
1074 0.8383404864091559 0.9057573862323339 0.8174027384002447
1075 0.8 0.8888182370352105 0.8282842249401631
1076 0.8195994277539341 0.8979860890707286 0.8408545742333849
1077 0.8223175965665236 0.8992712387584465 0.8396875089228597
1078 0.8216022889842632 0.8985926699260396 0.8402945726131774
1079 0.8253218884120171 0.9005939112503487 0.8456600518562153
1080 0.8251788268955652 0.8933914637628242 0.803251527799364
1081 0.8065808297567953 0.8800601981820562 0.7780389848067674
1082 0.7955650929899857 0.8721453061455202 0.7771261259695781
1083 0.7928469241773962 0.8703376283682577 0.7690212472875799
1084 0.7989985693848356 0.8744898456653596 0.7680000810439612
1085 0.8442060085836909 0.9076321683113093 0.8434915536902954
1086 0.8261802575107297 0.8939785365232307 0.8120103087095127
1087 0.8167381974248926 0.887779850265065 0.8065499238110677
1088 0.8210300429184549 0.8904083677488062 0.806527444868923
1089 0.8092989985693848 0.8822516483696023 0.8014830986273391
1090 0.8430615164520745 0.906646477873368 0.83015407573542
1091 0.8288984263233191 0.8973616454455943 0.8017100574712993
1092 0.8291845493562231 0.897691940668618 0.8013458867440428
1093 0.8247496423462088 0.8950403980839038 0.7932416972093879
1094 0.8276108726752505 0.8966576684398552 0.791203972459506
1095 0.8339055793991417 0.9047258599853556 0.8576442575599458
1096 0.8387696709585122 0.9065728252467652 0.8540961843377095
1097 0.8434907010014306 0.908936461024676 0.8552372193636698
1098 0.8429184549356223 0.9086944797425242 0.8526670285787435
1099 0.8424892703862661 0.908341785700031 0.8563878616468074
1100 0.8103004291845494 0.8928398782753757 0.7488271640568783
1101 0.8135908440629471 0.89447468538139 0.7324077168994793
1102 0.8147353361945637 0.8949808792476756 0.7294492614078064
1103 0.815593705293276 0.8953895499855197 0.7276052081084099
1104 0.8124463519313304 0.8935264148928601 0.7317715178773131
1105 0.802145922746781 0.8897757561064743 0.7706079514035385
1106 0.8047210300429185 0.8906852780611736 0.7669800545713091
1107 0.8068669527896996 0.891737213585387 0.7622434075088516
1108 0.8064377682403434 0.8914552620907614 0.7673911493212052
1109 0.805722460658083 0.8910133337465792 0.7656582197106236
1110 0.8384835479256079 0.9024009643221346 0.829677866597106
1111 0.8429184549356223 0.9051263674141033 0.8334174586625643
1112 0.8389127324749642 0.902457090574253 0.8329530076544469
1113 0.8390557939914164 0.9026803119406527 0.8337796258532666
1114 0.8413447782546495 0.9040262963699192 0.8324387627761579
1115 0.8017167381974248 0.8896147541826636 0.793199595650817
1116 0.8030042918454935 0.8902885637849434 0.790089029942265
1117 0.8021459227467812 0.8898273366893976 0.7930930192644061
1118 0.8014306151645207 0.8894733307017244 0.7906486568313724
1119 0.8024320457796852 0.8899342417327801 0.792565371232637
1120 0.8429184549356223 0.9032292988365939 0.8489062993662955
1121 0.8432045779685264 0.9032524168949034 0.8515467091288121
1122 0.8432045779685264 0.9030548098325472 0.8496727718566902
1123 0.8417739628040056 0.9025211986367019 0.8506875754624732
1124 0.8404864091559372 0.9016082364471524 0.8480920672518408
1125 0.7992846924177396 0.8884471233015263 0.7937102968330336
1126 0.7994277539341916 0.8885354960854903 0.7915093979375607
1127 0.7992846924177396 0.8884470529970045 0.7929244018858853
1128 0.7994277539341916 0.8885354960854903 0.7898411085410626
1129 0.7994277539341916 0.8885354960854903 0.7937447196689884
1130 0.5879828326180258 0.6784268209346324 0.7343219097706735
1131 0.5915593705293276 0.6832333372198298 0.7311188515638211
1132 0.5907010014306151 0.6812298575765444 0.7369169757846442
1133 0.58826895565093 0.6795401624671256 0.7327986573507093
1134 0.584549356223176 0.6748057088970115 0.7323198874521731
1135 0.7994277539341916 0.8885354960854903 0.744283035127701
1136 0.7994277539341916 0.8885354960854903 0.7477891839224329
1137 0.7994277539341916 0.8885354960854903 0.7431242438527154
1138 0.7994277539341916 0.8885354960854903 0.7469280467032562
1139 0.7992846924177396 0.8884471233015263 0.7441581010433327
1140 0.8457796852646637 0.909024284426809 0.839704149943935
1141 0.8361945636623748 0.9013164844530872 0.8217625134928987
1142 0.8297567954220314 0.8965762431780254 0.812984774265326
1143 0.8284692417739628 0.8955026080869757 0.8069425661746956
1144 0.8253218884120171 0.8937769932650823 0.8037699944469419
1145 0.8158798283261802 0.8961203513886954 0.8439179647154427
1146 0.8430615164520745 0.9076314796594953 0.8436178973295098
1147 0.8459227467811159 0.9087778105219326 0.8474154611162774
1148 0.8390557939914164 0.9044215749963701 0.8353133671076207
1149 0.8383404864091558 0.9037345791968768 0.8349197798709366
1150 0.8447782546494992 0.9100118449965174 0.8420193012727729
1151 0.8462088698140201 0.9097270658365758 0.8381494256308034
1152 0.8404864091559372 0.9061927701599215 0.8306192748073509
1153 0.8414878397711016 0.906648383177344 0.8301308124090543
1154 0.8407725321888412 0.9059708870040328 0.8299832868866763
1155 0.8032904148783977 0.8903951604823371 0.8436852669041099
1156 0.8280400572246066 0.9020862336824498 0.8619962891869006
1157 0.8288984263233189 0.9022880351910993 0.8540874647489719
1158 0.8337625178826895 0.9047748677725984 0.8537878863853132
1159 0.8354792560801144 0.9056303022121177 0.8539234925304362
1160 0.8058655221745351 0.8914834829329589 0.7600792027352866
1161 0.811301859799714 0.8938098790512885 0.7552615078706097
1162 0.8130185979971387 0.8946720167720514 0.7522706687903119
1163 0.8124463519313304 0.8941653351632078 0.7514606397613105
1164 0.8123032904148785 0.8941260824505444 0.7457122582647019
1165 0.7992846924177396 0.8884470529970045 0.7623802224293389
1166 0.8007153075822604 0.8891010411312067 0.770291175777264
1167 0.8012875536480687 0.8892959990953603 0.7650006066475938
1168 0.8025751072961373 0.8899347581046912 0.764573187779226
1169 0.8014306151645207 0.8892963684457811 0.7704020369926903
1170 0.8101573676680973 0.8828598889670026 0.7949935040502798
1171 0.7771101573676682 0.8583896572852021 0.7597731043378959
1172 0.776967095851216 0.8583707741992754 0.7591220752161092
1173 0.7746781115879828 0.8563187925134533 0.7561633708929547
1174 0.7725321888412017 0.8553798046038412 0.7546219107749476
1175 0.8341917024320458 0.9007620570071964 0.8248890251773272
1176 0.7995708154506438 0.8758216247150157 0.7920219722775992
1177 0.7989985693848355 0.8746418473029101 0.7872408742970584
1178 0.788412017167382 0.8676322274003955 0.7794742944072786
1179 0.788555078683834 0.8675584027283021 0.781147838282947
1180 0.8387696709585122 0.9034831455971306 0.8243748611703895
1181 0.82274678111588 0.8927114083753199 0.7952552937284555
1182 0.8224606580829757 0.8925173094246572 0.791932881197118
1183 0.8178826895565093 0.8897960422520932 0.7869203895233325
1184 0.8204577968526466 0.891133858681196 0.7870839239673255
1185 0.8387696709585122 0.9072139892990547 0.8549661673994191
1186 0.8474964234620886 0.9108288613064257 0.8509700603047043
1187 0.8456366237482117 0.9097056509665382 0.8454171988489607
1188 0.848068669527897 0.9109370479646648 0.8504142369724962
1189 0.8462088698140201 0.9100321691206709 0.844335743049295
1190 0.8141630901287554 0.8946255464425598 0.7464531031907464
1191 0.8143061516452075 0.8945895877923367 0.7416374401326368
1192 0.8137339055793991 0.8940045832134824 0.735304627114034
1193 0.8128755364806868 0.8936981668747548 0.7263283898001537
1194 0.8160228898426324 0.8953807075568789 0.7264607476966422
1195 0.8027181688125895 0.8900059456273229 0.7656242202002294
1196 0.8078683834048641 0.8921559206447665 0.7665184352909353
1197 0.8105865522174536 0.8936763233231165 0.7670745506509447
1198 0.8081545064377682 0.8923322037580691 0.7670934314291277
1199 0.8082975679542204 0.8924026941511813 0.7594593348296339
