400 0.8507868383404864 0.9083705304154005 0.8558133902945884
401 0.8459227467811159 0.9052588860665105 0.8555433928159759
402 0.8442060085836911 0.9044201841641147 0.8549347822327127
403 0.8437768240343347 0.9042401393593457 0.8569976955867249
404 0.8490701001430615 0.9073888541572981 0.8566647148880759
405 0.7994277539341916 0.8885354960854903 0.8013415608692117
406 0.7994277539341916 0.8885354960854903 0.8002978383396151
407 0.7994277539341916 0.8885354960854903 0.7971985334076925
408 0.7994277539341916 0.8885354960854903 0.8004944138055006
409 0.7994277539341916 0.8885354960854903 0.7990972403459
410 0.5944206008583691 0.6847809710506259 0.7447874503655735
411 0.5932761087267525 0.6838883021933074 0.7461906294783984
412 0.5955650929899857 0.6857314967789919 0.7448998825823827
413 0.596137339055794 0.686137189616873 0.7465212948571669
414 0.5914163090128756 0.68173021231515 0.7437317164236824
415 0.7994277539341916 0.8885354960854903 0.7495395732832676
416 0.7994277539341916 0.8885354960854903 0.7549597939388409
417 0.7994277539341916 0.8885354960854903 0.7513941221749066
418 0.7992846924177396 0.8884470529970045 0.7498947517301979
419 0.7994277539341916 0.8885354960854903 0.7537929185229719
420 0.8474964234620888 0.9099294614105599 0.8438925749654412
421 0.8423462088698142 0.9047810480169478 0.8302780907100296
422 0.8406294706723891 0.9031987583030634 0.8275174713597157
423 0.8296137339055795 0.8960584076242142 0.8187891443138821
424 0.8294706723891274 0.8961325536760872 0.8227279876039576
425 0.8211731044349071 0.8988057866988617 0.8476595959814146
426 0.8470672389127325 0.9099749054065887 0.8523172644301397
427 0.8500715307582262 0.911244558188358 0.84866836853503
428 0.8483547925608012 0.9097288344757984 0.8441957123952172
429 0.8437768240343347 0.9067976646438332 0.8467646577240879
430 0.84620886981402 0.910456562396304 0.8510939780191512
431 0.8450643776824034 0.909028863078096 0.8439966971224682
432 0.8450643776824034 0.9086140552151679 0.8408071614021984
433 0.8486409155937054 0.910897115265881 0.8447512443784626
434 0.844062947067239 0.9081372597376308 0.8449569031979408
435 0.8027181688125893 0.8900585222483841 0.8471044814910099
436 0.8314735336194564 0.9039006514669412 0.8625488780060142
437 0.8349070100143061 0.9054740380218463 0.8618808501040336
438 0.8384835479256079 0.9072733753090612 0.8686530666293766
439 0.8384835479256079 0.9072045649456875 0.8657041075436986
440 0.8088698140200286 0.8930858717326007 0.772274839596839
441 0.8118741058655221 0.8942504522018748 0.7648439542801564
442 0.8118741058655221 0.894044223488987 0.7611742159516972
443 0.8127324749642346 0.8944943178142228 0.7584261198345466
444 0.8111587982832618 0.8935495265240908 0.7609107438662829
445 0.7992846924177396 0.8884471233015263 0.7728979079494923
446 0.8014306151645206 0.8893852228438544 0.7707315130381527
447 0.8015736766809727 0.8894380796434633 0.7703617617622578
448 0.8021459227467812 0.8896501165646707 0.7690515104481284
449 0.8028612303290416 0.8900936111880011 0.7736470570374638
450 0.8200286123032903 0.8890142140856396 0.8051154054096245
451 0.7908440629470672 0.8677920404906082 0.7736431742131857
452 0.7919885550786838 0.868430374802123 0.7687898356626162
453 0.784406294706724 0.8634138793371042 0.7641826477755773
454 0.7799713876967095 0.860067987990143 0.7692924390294743
455 0.8439198855507868 0.9065500180941959 0.835446239675693
456 0.817310443490701 0.8871831277797337 0.8066705225972672
457 0.801859799713877 0.8769375075891773 0.7927655434661326
458 0.7938483547925609 0.8710521257950141 0.7877196536677843
459 0.7959942775393418 0.872527225675492 0.7885276789261497
460 0.8413447782546495 0.9052247553379388 0.8337955896163424
461 0.8353361945636625 0.9009836560753653 0.8144596690461832
462 0.8274678111587983 0.895877501666709 0.8145369184311351
463 0.8256080114449214 0.8944533203692172 0.8160923097983153
464 0.8266094420600858 0.8949841789407106 0.8177385258561662
465 0.8417739628040056 0.9087756076849562 0.8690578336329251
466 0.8492131616595137 0.9119596027961595 0.859108872046231
467 0.8509298998569385 0.9126509179193899 0.8574232020793318
468 0.8506437768240342 0.9126831621386275 0.8587931765325136
469 0.849785407725322 0.9121806800250676 0.8564372731252821
470 0.8150214592274679 0.8952448362900626 0.753572876706085
471 0.8154506437768241 0.8950857164203392 0.7440877263104575
472 0.8144492131616594 0.8946075366989218 0.7393217708672762
473 0.8133047210300429 0.8938122081101423 0.7387106933663523
474 0.8138769670958512 0.8942368350069471 0.7398968462565632
475 0.8032904148783977 0.8902728943128494 0.7774828728073654
476 0.8061516452074391 0.8913300802148056 0.7728936120992737
477 0.8084406294706724 0.8924285545739037 0.7762866685641958
478 0.8090128755364807 0.8928489703758572 0.7769993271401006
479 0.8068669527896997 0.8915476790506507 0.7668673754832029
480 0.8419170243204578 0.9039942306470976 0.839655511279911
481 0.8426323319027181 0.9044091422477312 0.8393743339306237
482 0.8380543633762517 0.9016827363533937 0.8371926627527628
483 0.8447782546494992 0.9057369486808445 0.8429592143965484
484 0.8437768240343348 0.9052695734241123 0.8392337079249476
485 0.803862660944206 0.8906090849737677 0.8038130287877111
486 0.8048640915593707 0.8911420767180447 0.8066214144792285
487 0.8050071530758226 0.8912127905842621 0.806495720608614
488 0.805722460658083 0.8915688059671876 0.8073941191127035
489 0.8052932761087268 0.8913721091134341 0.8079481058945023
490 0.851788268955651 0.9111294843878961 0.849833585289779
491 0.8510729613733906 0.9104981084194461 0.8491570694835078
492 0.849785407725322 0.9098526449659354 0.8501195815328719
493 0.849785407725322 0.9096662174682217 0.8477438153306347
494 0.8510729613733906 0.9104560929287198 0.8496813687537539
495 0.7992846924177396 0.8884470529970045 0.7960577530255781
496 0.7994277539341916 0.8885354960854903 0.7953845935192965
497 0.7995708154506438 0.8886061619866623 0.7960288102844031
498 0.7995708154506438 0.8886061690271724 0.7954318599900392
499 0.7994277539341916 0.8885354960854903 0.7959020924504422
