200 0.8307582260371961 0.90112655658304 0.8113153424466251
201 0.8336194563662375 0.9021669684479316 0.7936386824747872
202 0.8320457796852645 0.9010439010050992 0.8021968749440163
203 0.8304721030042919 0.9002335485665978 0.793117354420888
204 0.8317596566523605 0.9009255724506364 0.7894831632397432
205 0.8218884120171674 0.8989489073630468 0.8337640307158154
206 0.832904148783977 0.9036726274714459 0.8341413728958212
207 0.8331902718168813 0.9038253478519946 0.8333002254327813
208 0.8347639484978542 0.9045757134120305 0.8395934702308072
209 0.8351931330472102 0.9050577896947241 0.8347531643598615
210 0.8503576537911302 0.909059813211363 0.8418298531914777
211 0.8502145922746781 0.9088571665837544 0.8398291657759362
212 0.848211731044349 0.9076325416828785 0.8384168998206751
213 0.8460658082975681 0.906254336019542 0.8379180225651084
214 0.8477825464949929 0.9073852438544264 0.8352518993208913
215 0.8005722460658082 0.8890835877077787 0.7812357869188352
216 0.8007153075822604 0.8891719181476961 0.7828430958899117
217 0.8002861230329043 0.8889067084201085 0.7792769012065561
218 0.8007153075822604 0.8891718056167571 0.7818530132295536
219 0.8005722460658082 0.8890834820997204 0.7791729263513912
220 0.8490701001430615 0.9080038129372966 0.828131309768321
221 0.8450643776824034 0.9055102891874144 0.8268167728181016
222 0.8447782546494992 0.9054158176444458 0.8270929378595511
223 0.8456366237482117 0.9058098621980513 0.8259255307634774
224 0.8436337625178828 0.9046935983090224 0.8275015288502917
225 0.7994277539341916 0.8885354960854903 0.7499643580341028
226 0.7994277539341916 0.8885354960854903 0.7518086054406184
227 0.7994277539341916 0.8885354960854903 0.7496394667014605
228 0.7994277539341916 0.8885354960854903 0.7508483209394455
229 0.7994277539341916 0.8885354960854903 0.7487195791585858
230 0.7929899856938484 0.8650862166720493 0.822919848779259
231 0.7899856938483547 0.8628977247869013 0.8219365079079205
232 0.7896995708154506 0.8631584861953849 0.8198585438276833
233 0.7901287553648069 0.8630239662428737 0.8215960588177111
234 0.794277539341917 0.8657750449474719 0.8248626259048194
235 0.7994277539341916 0.8885354960854903 0.7687471310206083
236 0.7994277539341916 0.8885354960854903 0.7691776668907389
237 0.7994277539341916 0.8885354960854903 0.7673281090268244
238 0.7994277539341916 0.8885354960854903 0.7683710283377374
239 0.7994277539341916 0.8885354960854903 0.7665587409703816
240 0.8529327610872676 0.9122842173047306 0.8573108108472738
241 0.8515021459227468 0.9097155150867531 0.8413475429513697
242 0.8419170243204578 0.9035973230080238 0.8299802450253202
243 0.8429184549356223 0.9038743114268005 0.8325493931691706
244 0.8393419170243204 0.901808457360892 0.8283567122613945
245 0.8337625178826895 0.9046614312479122 0.8478440733777518
246 0.8567954220314735 0.9149844490628478 0.8620860771770964
247 0.8537911301859801 0.9127577481879785 0.8567377049956187
248 0.8537911301859801 0.9122405127038284 0.8560368147518261
249 0.8536480686695279 0.9120644081241632 0.8503832335390028
250 0.8565092989985693 0.915272872566048 0.860012252252411
251 0.8537911301859801 0.9131077787364873 0.851601866289767
252 0.8560801144492132 0.9141835904922099 0.8527021397875346
253 0.8562231759656653 0.9143580379422364 0.8502848989051343
254 0.851788268955651 0.9117091051664108 0.851159580769324
255 0.8175965665236051 0.8972586911019024 0.8480575865303954
256 0.8447782546494992 0.9101551333420896 0.8706835053214972
257 0.849928469241774 0.9128216566012716 0.8731999685347029
258 0.849785407725322 0.9126300296519381 0.8739527097829347
259 0.8513590844062948 0.9133983170737725 0.8756634926202098
260 0.8333333333333334 0.9044093748392383 0.8192128610816922
261 0.8419170243204578 0.9083812988773406 0.816437515590744
262 0.8353361945636623 0.9044768388050566 0.8165552998837606
263 0.8361945636623748 0.9048889841368499 0.813408415963972
264 0.8334763948497855 0.9033307129861317 0.809890974132004
265 0.7998569384835479 0.8887299134510082 0.8203219341714088
266 0.8170243204577969 0.8967476193329669 0.8395940018295919
267 0.8223175965665236 0.8994006773764877 0.8353622145760768
268 0.823319027181688 0.8996487106223297 0.8393969637265741
269 0.823175965665236 0.8995151519099254 0.839684417531732
270 0.826752503576538 0.8928374729051388 0.8163065155627199
271 0.8034334763948499 0.8761703014471447 0.788928316122171
272 0.7971387696709585 0.8721073904318803 0.781568411539687
273 0.7917024320457796 0.8678930951151103 0.7824927729910162
274 0.7882689556509298 0.8659796265874503 0.7753210753622588
275 0.8510729613733906 0.9104941918349102 0.8525333604525844
276 0.8254649499284692 0.8920367893668508 0.8204050622789868
277 0.8183118741058655 0.8867736608294031 0.8122688656617614
278 0.8148783977110158 0.8847502718785145 0.8132770257452411
279 0.8072961373390559 0.87979351043248 0.7993493537401098
280 0.8506437768240342 0.9099743074573817 0.8408592868752155
281 0.8444921316165951 0.9056167589815246 0.842339820049492
282 0.8432045779685264 0.9048096891912513 0.8423814045763194
283 0.8450643776824034 0.9059311960086742 0.8442416114968087
284 0.848211731044349 0.9079776940429166 0.8377436107915883
285 0.855937052932761 0.9157751188948271 0.8733851444752595
286 0.8613733905579399 0.9179826314972488 0.8737046026099768
287 0.8605150214592274 0.9173143378345182 0.8738889334606397
288 0.8585121602288984 0.9159998991627891 0.8732514736693673
289 0.8603719599427755 0.9172200646276778 0.8680797861411577
290 0.8393419170243204 0.9059549852692894 0.8093212177349589
291 0.8307582260371961 0.9001604157859294 0.7972560808986625
292 0.8341917024320459 0.9022119986135589 0.7974934989187895
293 0.832904148783977 0.9014442568173097 0.796437799213974
294 0.8286123032904149 0.8991372277082983 0.7989792046841535
295 0.8264663805436336 0.9013775791116373 0.8434813397264946
296 0.8369098712446352 0.9057249489624464 0.8372732981020338
297 0.8367668097281831 0.9055701861681531 0.835254098024041
298 0.8361945636623748 0.905114165251614 0.838092459115727
299 0.8360515021459227 0.9051838069244121 0.8408533476097568
