600 0.8480686695278971 0.9100843825464299 0.8438128143093284
601 0.8353361945636625 0.9002762148769987 0.8282463017469406
602 0.8300429184549356 0.8968642536524793 0.8120349812904886
603 0.8317596566523605 0.8972927924380377 0.8164545860143587
604 0.825178826895565 0.8932613159718544 0.814218557429809
605 0.8197424892703863 0.8980089671336892 0.8460362662115921
606 0.8456366237482117 0.9090302491731622 0.8507693541550096
607 0.8459227467811159 0.9086901761200492 0.8433175089648886
608 0.8489270386266095 0.9102503004755373 0.8460886367748458
609 0.840343347639485 0.9049619289110916 0.8396410551613096
610 0.8472103004291845 0.9110666446133757 0.8517034225652587
611 0.8429184549356223 0.9076653321305204 0.8465267209644347
612 0.8459227467811159 0.9093216001715941 0.8429508549942604
613 0.8450643776824034 0.9086810910432629 0.8335598157513591
614 0.8509298998569385 0.911963531761985 0.8404075668207911
615 0.8031473533619456 0.890270977165053 0.8470545095320704
616 0.8298998569384836 0.9029477718977658 0.8609084188330064
617 0.832761087267525 0.9042317308145617 0.8582722752115984
618 0.8376251788268956 0.9067942413538275 0.8623350591877328
619 0.8361945636623748 0.9060301682668221 0.8606916379713496
620 0.8090128755364807 0.8930894097091888 0.7632941750454189
621 0.8124463519313305 0.894504229820777 0.7661147551618683
622 0.8143061516452074 0.8953416285259485 0.7658047986582691
623 0.8141630901287554 0.8952029237907151 0.7645628785480151
624 0.8130185979971387 0.8945719811098941 0.7561261231318903
625 0.7991416309012875 0.8883586802130405 0.7668500018660632
626 0.8015736766809727 0.8894907984922817 0.7729758405635774
627 0.801859799713877 0.889614824453177 0.775158193368634
628 0.801859799713877 0.8895078381328597 0.7718408476598403
629 0.8030042918454935 0.8902000512548586 0.7693627047370086
630 0.8207439198855508 0.8893612212941985 0.8048247009956722
631 0.7839771101573677 0.8635114514440202 0.7653965126319366
632 0.7835479256080115 0.8629529079196125 0.7632709346072096
633 0.7804005722460657 0.8606296999412635 0.7666213715607544
634 0.7856938483547926 0.86418419076905 0.7616610667689238
635 0.8422031473533618 0.9055693610128637 0.8335490030590693
636 0.8075822603719599 0.881002340475689 0.8004660298044399
637 0.8040057224606582 0.8780540085464583 0.7934863740299233
638 0.7959942775393418 0.872722028507147 0.7832838735969341
639 0.7892703862660945 0.8684845991818699 0.7717749290176883
640 0.8419170243204579 0.9056672552045596 0.8294755598101957
641 0.8314735336194563 0.8985299624045713 0.8164285453914994
642 0.8301859799713878 0.8975604187764986 0.8170360018504826
643 0.8274678111587983 0.8958799604908272 0.8120034582452579
644 0.8266094420600858 0.8948720092836444 0.8142123626767903
645 0.8446351931330472 0.9103519587876152 0.8614009548529806
646 0.8469241773962806 0.9105828313820051 0.8532731040409167
647 0.8505007153075821 0.9124819473731186 0.8557441118269644
648 0.849928469241774 0.9124512207672865 0.8564582612463433
649 0.8482117310443492 0.9113883340976802 0.8491242046309091
650 0.8154506437768241 0.8954483285242721 0.7572204073530324
651 0.8147353361945637 0.8949125966867613 0.7460774427187857
652 0.8131616595135908 0.8938705532644537 0.7430452823676983
653 0.8147353361945637 0.8947768282599717 0.7415124012618521
654 0.8151645207439199 0.8950418347536748 0.7405975892330972
655 0.802002861230329 0.8895802228776024 0.7774749989283307
656 0.8082975679542204 0.8925459488291244 0.7707974470544208
657 0.8088698140200286 0.8927603864574664 0.7739170236599628
658 0.8060085836909872 0.8912252662353296 0.7701328343098706
659 0.8078683834048641 0.8921534294121656 0.7735863038275534
660 0.8433476394849786 0.905050761127276 0.8339153784076858
661 0.8399141630901287 0.9029369178146505 0.8352286674093831
662 0.8430615164520745 0.9048042240896204 0.833871257074376
663 0.8416309012875536 0.9039343207982883 0.8355835110688069
664 0.8442060085836911 0.9054459991822942 0.8386570054888773
665 0.8048640915593704 0.891141404882901 0.7994082804366516
666 0.8050071530758226 0.8912125861599097 0.800054447980241
667 0.805436337625179 0.8914444144923337 0.8002213922506953
668 0.8047210300429185 0.8910881355545788 0.8024340977670146
669 0.8045779685264665 0.8909825366506807 0.7983340611731176
670 0.8516452074391989 0.9108363575352728 0.8488059934422314
671 0.8494992846924176 0.9095721674747853 0.8503411096856229
672 0.8473533619456367 0.9083224996849479 0.8477855479704697
673 0.853934191702432 0.912262526358686 0.8505432419703123
674 0.8487839771101575 0.9089497626799696 0.8484081682306417
675 0.7995708154506438 0.8886061619866623 0.7948095343193424
676 0.7994277539341917 0.8885177892026984 0.7915212831896926
677 0.7994277539341916 0.8885354960854903 0.792577981355101
678 0.7994277539341916 0.8885354960854903 0.7915761055631412
679 0.7994277539341916 0.8885354960854903 0.792602526930165
680 0.6319027181688126 0.7235837158576253 0.7628418085483978
681 0.6286123032904148 0.7208047688728381 0.7597025709705243
682 0.632761087267525 0.7248079788259428 0.7584678380416834
683 0.6304721030042919 0.7221986679641708 0.7591800290504802
684 0.6294706723891274 0.7210858443499791 0.7610263984259443
685 0.7994277539341916 0.8885354960854903 0.7577875066772168
686 0.7994277539341916 0.8885354960854903 0.7602554843691218
687 0.7994277539341916 0.8885354960854903 0.762415553256145
688 0.7994277539341916 0.8885354960854903 0.7608189063413504
689 0.7994277539341916 0.8885354960854903 0.7589863310825451
690 0.8450643776824034 0.9078954069247755 0.8321043008100351
691 0.8296137339055794 0.895687444473521 0.8114917340248287
692 0.8198855507868383 0.8890680328203503 0.8026268698164504
693 0.811444921316166 0.8833414809558098 0.7955083008823327
694 0.811587982832618 0.8831862393129646 0.7960788103383032
695 0.824892703862661 0.9005905384404519 0.8435706216980087
696 0.842203147353362 0.9062477311700915 0.8412643374938524
697 0.8390557939914164 0.9035524715865935 0.8265497108918766
698 0.834763948497854 0.900123795718374 0.8264714401561395
699 0.8311874105865522 0.8980356101634603 0.8165790140820806
