1300 0.8420600858369098 0.9027020803018129 0.8496093958517046
1301 0.8434907010014306 0.9036835204296272 0.8489092527465916
1302 0.8436337625178828 0.9036277548156733 0.851711576647887
1303 0.8416309012875537 0.9024833767716824 0.8482880005588355
1304 0.8437768240343347 0.9039511435856034 0.8481767652015858
1305 0.7994277539341916 0.8885354960854903 0.7928185426725708
1306 0.7994277539341916 0.8885354960854903 0.7940163986643092
1307 0.7994277539341916 0.8885354960854903 0.7932013905254236
1308 0.7994277539341916 0.8885354960854903 0.7901386509650754
1309 0.7994277539341916 0.8885354960854903 0.790838974663637
1310 0.5868383404864091 0.6773844825012004 0.7350092076512746
1311 0.5947067238912732 0.686728761958073 0.7320886462390971
1312 0.5888412017167383 0.6795899373504304 0.7332835053142914
1313 0.5868383404864093 0.6773763063873265 0.7361174051186281
1314 0.5889842632331902 0.6801053365111069 0.735591511936452
1315 0.7994277539341916 0.8885354960854903 0.7443956920736605
1316 0.7994277539341916 0.8885354960854903 0.7456877119782315
1317 0.7994277539341916 0.8885354960854903 0.7483729456577228
1318 0.7992846924177396 0.8884470529970045 0.7477806013522216
1319 0.7994277539341916 0.8885354960854903 0.7494520640564266
1320 0.8432045779685264 0.9076491965701452 0.8415206719113408
1321 0.8286123032904149 0.8962094111922425 0.8169399033993875
1322 0.8317596566523605 0.8978453516175847 0.8150270658044512
1323 0.8281831187410587 0.8951488983467899 0.8147928499106107
1324 0.8261802575107297 0.8938414525243529 0.8099854735987078
1325 0.8178826895565093 0.8971160617285282 0.841706762645383
1326 0.8433476394849786 0.9079231841085029 0.8401103907579108
1327 0.8390557939914164 0.9047045191763603 0.8345337692359369
1328 0.8386266094420602 0.9040338861673891 0.8362530895093098
1329 0.8416309012875536 0.9056774478204372 0.830501273211698
1330 0.8436337625178828 0.9091227805658674 0.8465741423691387
1331 0.8437768240343348 0.9082241859170501 0.8322608763048572
1332 0.8439198855507868 0.9081685408132726 0.8345816642501248
1333 0.8406294706723892 0.9060985028600659 0.8337252267646686
1334 0.8412017167381975 0.9062967184260977 0.8299263572476987
1335 0.8032904148783977 0.8903775652339394 0.8465822001330221
1336 0.8266094420600858 0.9012400474442043 0.8546837642518982
1337 0.8327610872675251 0.9042027741221329 0.8568458206306625
1338 0.8341917024320458 0.9049359065153215 0.8563946553786815
1339 0.8353361945636625 0.9055223045509043 0.8585641893850784
1340 0.8077253218884121 0.8924469042928088 0.7564666071420847
1341 0.8120171673819743 0.8943746592297535 0.7601202888388924
1342 0.811444921316166 0.8938658816384528 0.7539511917564033
1343 0.8133047210300429 0.8947314637557952 0.7469269656187487
1344 0.811587982832618 0.893712723027026 0.7467233333257559
1345 0.7992846924177396 0.8884471233015263 0.7583281054231786
1346 0.8002861230329043 0.8888360143059508 0.764201399665013
1347 0.8011444921316165 0.8892433735987322 0.7702358020698605
1348 0.8014306151645207 0.8893141734390332 0.7654415667230188
1349 0.8028612303290416 0.8900414449939327 0.7654870969771169
1350 0.8153075822603719 0.8861566828356022 0.7934493485564296
1351 0.7856938483547926 0.8645187264968662 0.7661352910329433
1352 0.7791130185979972 0.8604947060503108 0.7541227072015814
1353 0.7791130185979972 0.8595716981789593 0.761424615422036
1354 0.7716738197424892 0.8550477060064117 0.7531676166123195
1355 0.8387696709585122 0.9033707289660857 0.8347472278087391
1356 0.803862660944206 0.8782105491695085 0.7920485291536241
1357 0.7968526466380543 0.8734828371151785 0.7836499226094319
1358 0.7947067238912733 0.8717388312877761 0.7812197556779851
1359 0.790414878397711 0.8688332023221775 0.7834575213534258
1360 0.8389127324749642 0.9037388019974225 0.8240545503930632
1361 0.8218884120171674 0.8924044620767898 0.7986748662373138
1362 0.8197424892703863 0.8906239516002519 0.7934205395403451
1363 0.8195994277539341 0.8903328335460461 0.7916930158092704
1364 0.82274678111588 0.8922357386464421 0.7946917902508183
1365 0.8371959942775394 0.9063143112525159 0.8528794981081841
1366 0.8496423462088698 0.9122024147685879 0.8564031569106308
1367 0.8456366237482118 0.9096898681668829 0.8508204692149903
1368 0.8466380543633762 0.9102639617439412 0.851833741212382
1369 0.8446351931330472 0.9090005634947035 0.8503251655762977
1370 0.8153075822603719 0.8953711409469441 0.7457867440418845
1371 0.8153075822603719 0.8950275613830847 0.7274833433788686
1372 0.8151645207439199 0.8948204713310004 0.7315322182439058
1373 0.8107296137339055 0.8923395188194959 0.7269100211619242
1374 0.8150214592274677 0.8946674940559486 0.7297944891734353
1375 0.8027181688125893 0.8899889468333837 0.772151703022029
1376 0.8068669527896996 0.8918270598472379 0.7590761147055801
1377 0.8092989985693848 0.8930278168003017 0.769063702240144
1378 0.8067238912732476 0.8915472863780035 0.7684052186088925
1379 0.8091559370529329 0.8927139591988542 0.7629061607171319
1380 0.8369098712446352 0.9008670661356917 0.834158871859942
1381 0.83862660944206 0.9022033527172806 0.8293540886177201
1382 0.8366237482117309 0.9010380967752715 0.8301167805798215
1383 0.8413447782546497 0.9037880719291731 0.8342322478012086
1384 0.8374821173104434 0.9012223156519751 0.8313723133166491
1385 0.8041487839771101 0.8908044704532587 0.7937111520373167
1386 0.803719599427754 0.8905911519841088 0.7966395555757788
1387 0.8041487839771102 0.8907863678008061 0.7977812363512484
1388 0.8047210300429185 0.8911048993574289 0.7954397430522229
1389 0.8041487839771101 0.8907688020182019 0.7963380283266506
1390 0.8454935622317598 0.9068298594559077 0.8450275446309161
1391 0.8450643776824036 0.9066326311560571 0.8398144345139892
1392 0.8429184549356223 0.9052317125236987 0.8451134634428124
1393 0.8483547925608012 0.9086542956038421 0.8446367968639923
1394 0.8473533619456367 0.9079155196303615 0.8444575651962196
1395 0.7994277539341916 0.8885354960854903 0.7880013257173675
1396 0.7995708154506438 0.8886061619866623 0.7875264709464614
1397 0.7994277539341916 0.8885354960854903 0.7856446556215164
1398 0.7992846924177396 0.8884470529970045 0.786527610820017
1399 0.7994277539341916 0.8885354960854903 0.7877548439363331
1400 0.6207439198855508 0.7139163763098991 0.7472586199329974
1401 0.6227467811158798 0.7154560177111311 0.7481920683488928
1402 0.6217453505007152 0.7149893707600425 0.7492998525501167
1403 0.6266094420600858 0.7189055480431901 0.7489199165055679
1404 0.6300429184549357 0.7221136422647698 0.751175326708676
1405 0.7994277539341916 0.8885354960854903 0.7543409149238876
1406 0.7994277539341916 0.8885354960854903 0.7530821986326566
1407 0.7992846924177396 0.8884470529970045 0.758847406985196
1408 0.7994277539341916 0.8885354960854903 0.753331186667349
1409 0.7994277539341916 0.8885354960854903 0.7517800144630027
1410 0.8423462088698142 0.9063694068058303 0.8266683410716846
1411 0.8243204577968525 0.8927962717146445 0.8059524698907495
1412 0.8181688125894133 0.8880134704778234 0.7966280580890581
1413 0.8168812589413449 0.887162825896981 0.7904045363175134
1414 0.8090128755364805 0.8819925834132116 0.7848361838949968
1415 0.8224606580829757 0.8993136107521261 0.8382938621120362
1416 0.8404864091559372 0.9051205917937519 0.8344198898381023
1417 0.8357653791130186 0.9013160159246357 0.8296400950871547
1418 0.836480686695279 0.9014160676459833 0.826509970645262
1419 0.8316165951359084 0.8982747665260676 0.8217609502844194
1420 0.8480686695278971 0.9112788429237014 0.8430202893942574
1421 0.8442060085836911 0.9079268839387232 0.827110760329431
1422 0.8434907010014306 0.9073981673193062 0.8236542981341287
1423 0.8377682403433477 0.9036265201296552 0.8252724010383462
1424 0.8396280400572247 0.9047325912379481 0.8224556730223685
1425 0.8034334763948499 0.8904306297426198 0.844860398495042
1426 0.8329041487839772 0.904355828891355 0.8525732411882494
1427 0.8383404864091559 0.9069821659714019 0.8562528961746618
1428 0.8393419170243204 0.9075040799980805 0.8560078207832744
1429 0.840343347639485 0.9080327896596134 0.8576400287783666
1430 0.8082975679542204 0.8928013635676011 0.7614473653113475
1431 0.8148783977110157 0.8957500546793492 0.7603701704602349
1432 0.8127324749642346 0.8944785255943597 0.7475460693893139
1433 0.8130185979971387 0.8944011613563465 0.7447626893116797
1434 0.8148783977110158 0.895325822902594 0.744470376504247
1435 0.7992846924177396 0.8884471233015263 0.7630385570794427
1436 0.8008583690987126 0.8891545144285272 0.7696165006341256
1437 0.801859799713877 0.8895972379515872 0.7662479300308999
1438 0.801859799713877 0.8895268264695314 0.762709733466029
1439 0.8040057224606582 0.8906274597563948 0.7694951420230056
